<<<<<<< HEAD
2	0.57735026918962573105886804114562
3	0.77459666924148340427791481488384
4	0.33998104358485625731134405214107	0.86113631159405257253780519022257
5	0.53846931010568310771446931539685	0.90617984593866396370032134655048
6	0.66120938646626448154108857124811	0.23861918608319690471297747080826	0.93246951420315205005806546978420
7	0.40584515137739718415588185962406	0.74153118559939446008399954735069	0.94910791234275848626822380538215
8	0.18343464249564980783624434934609	0.52553240991632899081764662696514	0.79666647741362672796583410672611	0.96028985649753628717206765941228
9	0.83603110732663576953882511588745	0.96816023950762608585307589237345	0.32425342340380891581474998019985	0.61337143270059035771168964856770
10	0.14887433898163121570590305964288	0.43339539412924721339948064269265	0.67940956829902443558921731892042	0.86506336668898453634568568304530	0.97390652851717174343093574861996
11	0.26954315595234495939180874302110	0.51909612920681180714410629661870	0.73015200557404935644001398031833	0.88706259976809531675456810262403	0.97822865814605697298844688702957
12	0.12523340851146891328227184203570	0.36783149899818018413455433801573	0.58731795428661748292853417297010	0.76990267419430469253427418152569	0.90411725637047490877762356831226	0.98156063424671924355635610481841
13	0.23045831595513480150039242744242	0.44849275103644686835124844037637	0.64234933944034022790248172896099	0.80157809073330987814642867306247	0.91759839922297792291772111639148	0.98418305471858813504582030873280
14	0.10805494870734366763542766420869	0.31911236892788974461865336706978	0.51524863635815409956819621584145	0.68729290481168547888302100545843	0.82720131506976501967187687114347	0.92843488366357351804225572777796	0.98628380869681231413181876632734
15	0.20119409399743451438702379618917	0.39415134707756338539041962576448	0.57097217260853883047388990235049	0.72441773136017006962106279388536	0.84820658341042720618219163952745	0.93727339240070595138831777148880	0.98799251802048537740574829513207
16	0.09501250983763744051291411096827	0.28160355077925891542633962671971	0.45801677765722736968001527202432	0.61787624440264377057019373751245	0.75540440835500299865401530041709	0.86563120238783175519614587756223	0.94457502307323260026805655797943	0.98940093499164993851024973992025
17	0.17848418149584785452610447009647	0.35123176345387630004069023925695	0.51269053708647693845534831780242	0.65767115921669072609034856213839	0.78151400389680136804315679910360	0.88023915372698591230715692290687	0.95067552176876779501668579541729	0.99057547531441736410329212958459
18	0.08477501304173530594088248335538	0.25188622569150548313743342987436	0.41175116146284262974575085536344	0.55977083107394753902497086528456	0.69168704306035322382228969217977	0.80370495897252314243530690873740	0.89260246649755570214068711720756	0.95582394957139771296539265676984	0.99156516842093089803000793835963
19	0.16035864564022536682408315300563	0.31656409996362983028106441452110	0.46457074137596093832414112512197	0.60054530466168098978840816926095	0.72096617733522938564760806912091	0.82271465653714281884845149761532	0.90315590361481790093733934554621	0.96020815213483001748784317896934	0.99240684384358435199402492798981
20	0.07652652113349733831171306519536	0.22778585114164506819633970735595	0.37370608871541954876249747030670	0.51086700195082712649963241346995	0.63605368072651502497905084965168	0.74633190646015079572350714443019	0.83911697182221878232866174585070	0.91223442825132594613535275129834	0.96397192727791380928437092734384	0.99312859918509488466042967047542
21	0.14556185416089509332415730114008	0.28802131680240111721857942939096	0.42434212020743877769035634628381	0.55161883588721982718539038614836	0.66713880419741233840369432073203	0.76843996347567788962606982750003	0.85336336458331729648563168666442	0.92009933415040079385249782717437	0.96722683856630631282769172685221	0.99375217062038945226021269263583
22	0.06973927331972222531941696388458	0.20786042668822127255090492781164	0.34193582089208424124038288027805	0.46935583798675700739622129731288	0.58764040350691160163876247679582	0.69448726318668274615220070700161	0.78781680597920811237599991727620	0.86581257772030018049491673082230	0.92695677218717398293534870390431	0.97006049783542869224817195572541	0.99429458548239924020606395060895
23	0.13325682429846610888013458406931	0.26413568097034495485431193628756	0.39030103803029081444009307233500	0.50950147784600752220995900643175	0.61960987576364612294810285675339	0.71866136313195017049082480298239	0.80488840161883989932078975471086	0.87675235827044162295607065971126	0.93297108682601614937368594837608	0.97254247121811521203937900281744	0.99476933499755215706272792886011
24	0.06405689286260562997910028570914	0.19111886747361631067043674647721	0.31504267969616339684080230654217	0.43379350762604512725673089335032	0.54542147138883956269950203932240	0.64809365193697554552443307329668	0.74012419157855435791759646235732	0.82000198597390294708020519465208	0.88641552700440107148693869021372	0.93827455200273279789513480864116	0.97472855597130947380435372906504	0.99518721999702131064680088456953
25	0.12286469261071039649202418786444	0.24386688372098844213020640836476	0.36117230580938786133060602878686	0.47300273144571497452304242870014	0.57766293024122294941236077647773	0.67356636847346840202277462594793	0.75925926303735757905144510004902	0.83344262876083397006965469699935	0.89499199787827532492912041561794	0.94297457122897432313379795232322	0.97666392145951752556953806561069	0.99555696979049812522788442947785
26	0.05923009342931320753145030266751	0.17685882035689018398905147932965	0.29200483948595690186778028873960	0.40305175512348628830139318779402	0.50844071482450570176325754800928	0.60669229301761806727455450527486	0.69642726041995728358813266822835	0.77638594882067890612376004355610	0.84544594278849805046860410584486	0.90263786198430706608775153654278	0.94715906666171423289313224813668	0.97838544595647103374602693293127	0.99588570114561691948296129339724
27	0.11397258560952996941928461183124	0.22645936543953684716434793244844	0.33599390363850889507091324048815	0.44114825175002686519221128946810	0.54055156457945685577470840144088	0.63290797194649517365405699820258	0.71701347373942370122534839538275	0.79177163907050818192345786883379	0.85620790801829449456761267356342	0.90948232067749112950139078748180	0.95090055781470506079955384848290	0.97992347596150120025981777871493	0.99617926288898861475473722748575
28	0.05507928988403427289499703078945	0.16456928213338076205651816508180	0.27206162763517810487812198516622	0.37625151608907869693609882233432	0.47587422495511827458258835576999	0.56972047181140172966706813895144	0.65665109403886501304725697991671	0.73561087801363178595437375406618	0.80564137091717913374822046534973	0.86589252257439508486669410558534	0.91563302639213206557400326346396	0.95425928062893816683498471320490	0.98130316537087269868067096467712	0.99644249757395442212981606644462
29	0.10627823013267923002445058955345	0.21135228616600107431899857601820	0.31403163786763993448047926904110	0.41315288817400863674578204154386	0.50759295512422764051763124371064	0.59628179713822782037624392614816	0.67821453760268646249187440844253	0.75246285173447713390260105370544	0.81818548761525244916725796429091	0.87463780492010279044023945971276	0.92118023295305873077154501515906	0.95728559577808769454065895843087	0.98254550526141315458517055958509	0.99667944226059657086835841255379
30	0.05147184255531769836444766497152	0.15386991360858354171980977298517	0.25463692616788985434439496202685	0.35270472553087811595773359840678	0.44703376953808915406085588983842	0.53662414814201986335007177331136	0.62052618298924289153006839114823	0.69785049479331584532104670870467	0.76777743210482618518852859779145	0.82956576238276835688623123132857	0.88256053579205273607044546224643	0.92620004742927430907428743012133	0.96002186496830754780518191182637	0.98366812327974717522494074728456	0.99689348407464950518885871133534
31	0.09955531215234152131454692380430	0.19812119933557062467777143410785	0.29471806998170163582884129027661	0.38838590160823294183956022607163	0.47819378204490248229774351784727	0.56324916140714931245270236104261	0.64270672292426034299950288186665	0.71577678458685323192867144825868	0.78173314841662489005358338545193	0.83992032014626738511964276767685	0.88976002994827108061315357190324	0.93075699789664811945044675667305	0.96250392509294968590438656974584	0.98468590966515245899159936016076	0.99708748181947703947969330329215
32	0.04830766568773831731720136417607	0.14447196158279648758870905567164	0.23928736225213706467762619922723	0.33186860228212766710242931367247	0.42135127613063533269510685386194	0.50689990893222935941508922041976	0.58771575724076230429204770189244	0.66304426693021523142590467614355	0.73218211874028971131167509156512	0.79448379596794238555190759143443	0.84936761373256997043057481278083	0.89632115576605209117388994854991	0.93490607593773966677019870985532	0.96476225558750638988669834361644	0.98561151154526838169545044365805	0.99726386184948156987672973627923
33	0.09363106585473338072667104370339	0.18643929882799156749761948503874	0.27760909715249704188266832716181	0.36633925774807335473681746407237	0.45185001727245072133953840420872	0.53338990478634762393284063364263	0.61024234583637904094643999997061	0.68173195996974278454416662498261	0.74723049644956218706681738694897	0.80616235627416654718757627051673	0.85800965267650408652144733423484	0.90231676774343361202568303269800	0.93869437261116839277264034535619	0.96682290968999273772510605340358	0.98645572623064248229951544999494	0.99742469424645519016081607333035
34	0.04550982195310254024844809350725	0.13615235725918298226311264897959	0.22566669161644947738665223369026	0.31331108133946322658047733966669	0.39835927775864593547439085341466	0.48010654519032702758352115779417	0.55787550066974667117847275221720	0.63102172708052850502724595571635	0.69893911321626289723241143292398	0.76106487662987298836725358341937	0.81688422790093362380048347404227	0.86593463833456452150016957602929	0.90780967771832443702351156389341	0.94216239740510709932408417444094	0.96870826253334429978281150397379	0.98722781640630952182391411042772	0.99757175379084195299128623446450
35	0.08837134327565926428249554192007	0.17605106116598956411678500444395	0.26235294120929603112202244119544	0.34660155443081391846149585944659	0.42813754151781424628353533989866	0.50632277324148866615161068693851	0.58054534474976449143213130810182	0.65022436466589039749663925249479	0.71481450155662873413575653103180	0.77381025228691258099900096567580	0.82674989909222540429567516184761	0.87321912502522236465551941364538	0.91285426135931757585240120533854	0.94534514820782733490744931259542	0.97043761603922984448900024290197	0.98793576444385144963433731390978	0.99770656909960031555328896502033
36	0.04301819847370860760982225201587	0.12873610380938479980095223709213	0.21350089231686558699507827441266	0.29668499534402825723589103290578	0.37767254711968922809006699026213	0.45586394443342026505661124247126	0.53068028592624516548426072404254	0.60156765813598056524824642110616	0.66800123658552101879593010380631	0.72948917159355652906072009500349	0.78557623013220656549293607895379	0.83584716699247529891891872466658	0.87992980089039718460952599343727	0.91749777451565905916908150175004	0.94827298439950757913408097010688	0.97202769104969799496274163175258	0.98858647890221218457185159422806	0.99783046248408580058963934789062
37	0.08367040895476990369772352096334	0.16675393023985196627734239882557	0.24866779279136574931641234798008	0.32883742988370701088030045866617	0.40670050931832613105854079549317	0.48171087780320553939361616357928	0.55334239186158173939844573396840	0.62109260840892444033300989758573	0.68448630913095931393996806946234	0.74307883398196528101919966502464	0.79645920050990226535247984429589	0.84425298734055598259828911977820	0.88612496215548608446965772600379	0.92178143741246376663411865592934	0.95097234326209478805225217001862	0.97349303005648579745212600755622	0.98918596321431917495203833823325	0.99794458247791362204281995218480
38	0.04078514790457823946390192304534	0.12208402533786741339660864014149	0.20257045389211669750295641279081	0.28170880979016527101421729639696	0.35897244047943499545283430052223	0.43384716943237650044196129783813	0.50583471792793111010411166716949	0.57445602104780713048626239469741	0.63925441582968167697487160694436	0.69979868037918435685895701681147	0.75568590375397071134955240268027	0.80654416760531677521584015266853	0.85203502193236213546612134450697	0.89185573900463221974632688215934	0.92574133204858444212703716402757	0.95346633093352961552113811194431	0.97484632859015352135401144550997	0.98973945426638554323517382727005	0.99804993053568757943594391690567
39	0.07944380460875548333188334027000	0.15838533999783779848691267488903	0.23632551246183577942083786638250	0.31277155924818594856517961488862	0.38724016397156146851443736522924	0.45926051230913605971650781611970	0.52837726866043743800815946087823	0.59415345495727800440022292605136	0.65617321343201095995567584395758	0.71404443589453470142558444422320	0.76740124293106348751791756512830	0.81590629743014309038784404037870	0.85925293799990620779993832911714	0.89716711929299286509831290459260	0.92940914848673827908243083584239	0.95577521232465223466334691693191	0.97609870933347109289712761892588	0.99025153685468603192987302463735	0.99814738306643291387842964468291
40	0.03877241750605082276637247673534	0.11608407067525521039197400341436	0.19269758070137110728126117464853	0.26815218500725368500070544541813	0.34199409082575848994878242592677	0.41377920437160498057238555702497	0.48307580168617869631475514324848	0.54946712509512818378709653188707	0.61255388966798018923753943454358	0.67195668461417956685011176887201	0.72731825518992709866950008290587	0.77830565142651941812346194637939	0.82461223083331169902976398589090	0.86595950321225945156555781068164	0.90209880696887434492481361303362	0.93281280827867651961327055687434	0.95791681921379168151986505108653	0.97725994998377430089675499402802	0.99072623869945697361316661044839	0.99823770971055925116388607420959
41	0.07562325898916300026542103296379	0.15081335486399216616604235241539	0.22513960563342277909626432119694	0.29817627734182489129821647111385	0.36950502264048146194852506596362	0.43871727705140706188302601731266	0.50541659919940606915389480491285	0.56922094161021585811965906032128	0.62976483907219626967588510524365	0.68670150203495128327091379105696	0.73970480306992614227823423789232	0.78847114504740933860205132077681	0.83272120040136132779196032061009	0.87220151169244142241865347386920	0.90668594475810115884684137199656	0.93597698749785385174959628784563	0.95990689173034626779923428330221	0.97833867356108339397025019934517	0.99116710969901633543344132704078	0.99832158857477149016546036364161
42	0.03694894316535177886118290757622	0.11064502720851987493944079687935	0.18373680656485455453541533188400	0.25582507934287906925518996104074	0.32651612446541150580614498721843	0.39542385204297503253911827414413	0.46217191207042190859155539328640	0.52639574993119231383076339625404	0.58774459748510932133314099701238	0.64588338886924778758924503563321	0.70049459055617124825232622242766	0.75127993568948048253020033371286	0.79796205325548741349450665438781	0.84028598326181691557934527736506	0.87802056981217269093775712462957	0.91095972490412746580545899632853	0.93892355735498822522089312769822	0.96175936533820449714227152071544	0.97934250806374822939659452458727	0.99157728834086089619859194499440	0.99839961899006246515142493080930
43	0.07215299087458623694679715754319	0.14392980951071332462731788837118	0.21495624486051820301035775173659	0.28486199803291362142587672678928	0.35328261286430379106704435798747	0.41986137602926926204460755798209	0.48425117678573470492153774102917	0.54611631666008475516349562894902	0.60513425963960099096539124730043	0.66099731375149817225178594526369	0.71341423526895708651096583707840	0.76211174719495511364897311068489	0.80683596413693858817595128130051	0.84735371620931509983876139813219	0.88345376521861684881997689444688	0.91494790720613872192501503377571	0.94167195684763782548287736062775	0.96348661301408000667834130581468	0.98027822098025529928833066151128	0.99195955759324416778355271162582	0.99847233224250775407426772289909
44	0.03528923696413535648908066377771	0.10569190170865325195670436642104	0.17556801477551678414279479056859	0.24456945692820125648481166535930	0.31235246650278580826665120184771	0.37857935201470716002347671746975	0.44292017452541149191702629650536	0.50505439138820229505455472462927	0.56467245318547076848858523590025	0.62147734590357583961406362504931	0.67518607066612235101388250768650	0.72553105366071701798347248768550	0.77226147924875587769122375902953	0.81514453964513500228150633120094	0.85396659500471039372371251374716	0.88853423828604316536683427329990	0.91867525998417576271748430372099	0.94423950911819409803626967914170	0.96509965042249312716649001231417	0.98115183307791398181763042884995	0.99231639213851585701320345833665	0.99854020063677417784475665030186
45	0.06898698016314416814331877958466	0.13764520598325302724873608894995	0.20564748978326374828640155101311	0.27266976975237755542735840208479	0.33839265425060216507802124397131	0.40250294385854190615248171525309	0.46469512391963507802472577168373	0.52467282046291607855437177931890	0.58215021256935317595093692943919	0.63685339445322330931276155752130	0.68852168077120057265716468464234	0.73690884894549035788458013485069	0.78178431259390623875304981993395	0.82293422050208631102208300944767	0.86016247596066419678351167021901	0.89329167175324175609318899660138	0.92216393671900043216282938374206	0.94664169099562911480205684711109	0.96660831039689465438158322285744	0.98196871503454052909631855072803	0.99264999844720369637229850923177	0.99860364518193667215939512971090
46	0.03377219001605204218297018314843	0.10116247530558424017055330068615	0.16809117946710352975436819633615	0.23425292220626978134667695030657	0.29934582270186999020111784375331	0.36307287702099572124225801417197	0.42514331328282839450594110530801	0.48527391838816463787154020792514	0.54319033026180263412641124887159	0.59862828971271520028807344715460	0.65133484620199766368386917747557	0.70106951202040568293938349597738	0.74760535961566609852724241136457	0.79073005707527421748181950533763	0.83024683706606605682054578210227	0.86597539486685803922227933071554	0.89775271153394198275776716400287	0.92543379880675391557787179408479	0.94889236344608984818904673375073	0.96802139185399194154513224930270	0.98273366980416687610500048322137	0.99296234890617440793647574537317	0.99866304213381795751303116048803
47	0.06608692391635567764396341772226	0.13188486655451489570900491798966	0.19710611027911181802885209890519	0.26146545921497454934012694138801	0.32468148633773591393847368635761	0.38647776408466716357992254415876	0.44658407310485570551605860600830	0.50473758386357792105059161258396	0.56068400593466416470533886240446	0.61417869995637364155527393450029	0.66498774739033272851429501315579	0.71288897340906431931983888716786	0.75767291844543860346306018982432	0.79914375416774197091740461473819	0.83712013989990208262526039106888	0.87143601579689633496172973536886	0.90194132943852534101125684173894	0.92850269301236065810911668449990	0.95100396925770847023073883974575	0.96934678732656454069882556723314	0.98345100307162369723812389565865	0.99325521098776858863743655092549	0.99871872858421206764489852503175
48	0.03238017096286936041815707199021	0.09700469920946269697381580954243	0.16122235606889170900224428351066	0.22476379039468905030041412373976	0.28736248735545555366144299114239	0.34875588629216075498007398891787	0.40868648199071672122428822149232	0.46690290475095841404851171319024	0.52316097472223299646998384559993	0.57722472608397268345470365602523	0.62886739677651359858856494611246	0.67787237963266389062511052543414	0.72403413092381463389557438858901	0.76715903251574035781601423877873	0.80706620402944262426814248101437	0.84358826162439348728128152288264	0.87657202027424785395481876548729	0.90587913671556963279840601899195	0.93138669070655433213090645949706	0.95298770316043091010982379884808	0.97059159254624727264371131241205	0.98412458372282685115095546279917	0.99353017226635076397656121116597	0.99877100725242606849008097924525
49	0.06342068498268678411466936495344	0.12658599726967204035510405901732	0.18924159246181357363347785849328	0.25113517861257728114310339151416	0.31201753211974875279466346000845	0.37164350126228490323043729404162	0.42977299334157653687427114164166	0.48617194145249204018099931090546	0.54061324699172608188035837883945	0.59287769410890067689479110413231	0.64275483241923769828218837574241	0.69004382442513212403412126150215	0.73455425423740272616868196564610	0.77610689434544666287507652668864	0.81453442735985548406318912384450	0.84968211984416575077716515806969	0.88140844557300890294015971448971	0.90958565582807326954650761763332	0.93410029475581013436169541819254	0.95485365867413718454770332755288	0.97176220090155540631826625030953	0.98475789591421303281748578228871	0.99378866194416781709719543869141	0.99882015060663542627139577234630
50	0.03109833832718887636215043812626	0.09317470156008614279308233108168	0.15489058999814589445698231884307	0.21600723687604175826670882543112	0.27628819377953200975284175910929	0.33550024541943734845972358016297	0.39341431189756514985589319621795	0.44980633497403876841502778916038	0.50445814490746421210332073314930	0.55715830451465009343081646875362	0.60770292718495022565861063412740	0.65589646568543935600814620556775	0.70155246870682219650916522368789	0.74449430222606849394395567287575	0.78455583290039931920745175375487	0.82158207085933598889937456988264	0.85542976942994608524628574741655	0.88596797952361305839019678387558	0.91307855665579185089342217906960	0.93665661894487795002817165368469	0.95661095524280792545823715045117	0.97286438510669204227099271520274	0.98535408404800584047933398323948	0.99403196943209071179126112838276	0.99886640442007101903243437845958
51	0.06096110015057872727473053942049	0.12169542101888876362014713095050	0.18197702695707754227960606385750	0.24158166644779871523596170845849	0.30028760633533191359845204715384	0.35787645668840950552436197540374	0.41413398322630390335774563936866	0.46885090428604103696130778189399	0.52182366936618584940532628024812	0.57285521635130387529954987257952	0.62175570460072326905986983547336	0.66834322117537003915543891707784	0.71244445757703667165827710050507	0.75389535448537547956959770090180	0.79254171209938117925730693968944	0.82823976382306485621853653356084	0.86085671118229234455299092587666	0.89027121802952735585279242513934	0.91637386230978024048710040005972	0.93906754400296232887512815068476	0.95826784861390823522242499166168	0.97390336801932386734392821381334	0.98591599173590294125091304522357	0.99426126043675255861131745405146	0.99890999084890352843757455048035
52	0.02991410979733876568387174188501	0.08963524464890056109300786602034	0.14903550860694916857518421693385	0.20790226415636606227543836666882	0.26602478360500181331360636249883	0.32319500343480783710603532199457	0.37920826911609367693145600242133	0.43386406771876168120272154737904	0.48696674569809605959136433739332	0.53832620928582741726131644099951	0.58775860497957910233424172474770	0.63508697769524591336676166974939	0.68014190422716769290900629130192	0.72276209974998317786543111651554	0.76279499519374494020951260608854	0.80009728343046837562013706701691	0.83453543232673454976833227192401	0.86598616284606755311159531629528	0.89433689053449527683881115081022	0.91948612891642456101948255309253	0.94134385364135908513816275444697	0.95983182693308655153430208883947	0.97488388422174454550628297511139	0.98644619565154989526689632839407	0.99447759092921605983406152518000	0.99895111110395029552222467827960
53	0.05868505430025946351113574905867	0.11716780907195514793706081491109	0.17524666215532574975455304411298	0.23272140372427260746057697815559	0.28939390645162621495956045691855	0.34506880849572235669953101933061	0.39955418695395295003436331171542	0.45266221946184581614858188913786	0.50420983165713340046210078071454	0.55401932827706790174460138587165	0.60191900571376932838063567032805	0.64774374391651001747760574289714	0.69133557560136671416017861702130	0.73254423080751029928592288342770	0.77122765492553235766592933941865	0.80725249841689550311940593019244	0.84049457654580139731592680618633	0.87083929755824129870234173722565	0.89818205787542659823685653464054	0.92242860304281215633182000601664	0.94349535346444191041825888532912	0.96130969462313631268557401199359	0.97581023371498454288541779533261	0.98694703502337155498480569804087	0.99468191930800708977500335095101	0.99898994777632821318036349111935
54	0.02881674819934177886326942541473	0.08635451826324822000024994395062	0.14360542731625614010226854588836	0.20037929360621356544847060376924	0.25648752006999731012371057659038	0.31174372083446821868335518956883	0.36596434037219116586214795461274	0.41896926325520450484773959942686	0.47058241248138227286190726772475	0.52063233438593303770147713294136	0.56895276819520945732477912315517	0.61538319833112742340830436660326	0.65976938763198311743707336063380	0.70196388971917289545388030091999	0.74182653880918436595237608344178	0.77922491534625404341340981773101	0.81403478591356781546295451335027	0.84614051597077299948779227634077	0.87543545406556888544002958951751	0.90182228628470162412611443869537	0.92521335986665154127450705345836	0.94553097516499584607174710981781	0.96270764578592360471986921766074	0.97668632885790318542973409421393	0.98742063739734353688959345163312	0.99487511701833886146317809107131	0.99902666686734098444588880738593
55	0.05657275381833677674325855377901	0.11296428805932925976129865830444	0.16899396364687321869801905904751	0.22448230064784549520062739702553	0.27925155320080652376901753086713	0.33312627889002388581474178863573	0.38593390074097944086872757907258	0.43750526003717460366004843308474	0.48767515818747408928857112186961	0.53628288590834327642653533985140	0.58317273802603208920913857582491	0.62819451224992817195413863373687	0.67120399031982636017801269190386	0.71206339998663781276633244488039	0.75064185634802194080350545846159	0.78681578112762240451161233067978	0.82046929855932093644810265686829	0.85149460661715448139830186846666	0.87979232241989546725591253562015	0.90527180074400004361478977443767	0.92785142472079173980858968207031	0.94745886804121071111950413978775	0.96403132859313522828870191005990	0.97751573550398918044379570346791	0.98786894119888923881944720051251	0.99505797784741190081803097200464	0.99906141956481853139138138431008
56	0.02779703528727543726528637080264	0.08330518682243537309517478206544	0.13855584681037624861232870898675	0.19337823863527525691807795737986	0.24760290943433721499999933257641	0.30106225386722068604328228502709	0.35359103217495452264884647775034	0.40502688092709127065660368316458	0.45521081487845960200644412907423	0.50398771838438172210317134158686	0.55120682485553462726102225133218	0.59672218277066335634373217544635	0.64039310680700689548672244200134	0.68208461269447040464797282766085	0.72166783445018811704585459665395	0.75902042270512892763179024768760	0.79402692289386644919346736060106	0.82657913214288170067334249324631	0.85657643376274861246599812147906	0.88392610832782758656378518935526	0.90854362042065550664204920394695	0.93035288024749629443022058694623	0.94928647956196265944583956297720	0.96528590190549012906018333524116	0.97830170914025638140287810529117	0.98829371554016154366451019086526	0.99523122608106973085995150540839	0.99909434380146555643165129367844
57	0.05460715100164682117567238606171	0.10905133280878780144274031727036	0.16317006259126426437333634567040	0.21680182879612402979674357084150	0.26978657316183873859927189187147	0.32196616839537861576303612309857	0.37318489008659444516879943876120	0.42328988145156393185786214417021	0.47213160951797572550958648207597	0.51956431139118763873341322323540	0.56544642926923671666372683830559	0.60964103290871540785644810966915	0.65201622828097693940208046115004	0.69244555119951778365816608129535	0.73080834474452327498283921158873	0.76699011935945016205096180783585	0.80088289454721828253269677588833	0.83238552115043906720615041194833	0.86140398326204692391883099844563	0.88785167888222138454779042149312	0.91164967852139122683752248121891	0.93272696106710173413745224024751	0.95102062644787677125890468232683	0.96647608517188665633312893987750	0.97904722670946875417996579926694	0.98869657765022200823779030542937	0.99539552367843031621674754205742	0.99912556562526289027914572216105
58	0.02684701236594235623789117539673	0.08046363021414272564957315125866	0.13384825059546684444811148750887	0.18684695183576133237224325966963	0.23930692496615346698263238067739	0.29107691431110921387315215724811	0.34200765359799528697593018478074	0.39195229633075312491996555763762	0.44076683918683956520112587895710	0.48831053721671846545859807520173	0.53444630964884753954180496293702	0.57904113513022503756388914553099	0.62196643526307915372797197051113	0.66309844533212525252707791878493	0.70231857115390816659328265814111	0.73951373102004225312811058756779	0.77457668174965277341215141859720	0.80740632791308819538045327135478	0.83790801333937336980994814439327	0.86599379407480747694592082552845	0.89158269202203022096853146649664	0.91460092856435248886981526084128	0.93498213758825932107043854557560	0.95266755751886911252057643650915	0.96760620250292406208103557219147	0.97975501469435033463639683759538	0.98907900824844263709678671148140	0.99555147659729092968206032310263	0.99915520040738659002244048679131
59	0.05277348408831000065033478563237	0.10539987901634415012885881424154	0.15773250558785797958982755062607	0.20962550339203653293473905705468	0.26093423734281173675952913981746	0.31151570080301371756803519019741	0.36122891416979480139204383704055	0.40993531781041897543715890606109	0.45749915825326670226758096760022	0.50378786655771801150649480405264	0.54867242780839642346535356409731	0.59202774070403019202046834834618	0.63373296623885011502608222144772	0.67367186450493721228127697031596	0.71173311867719768475382124961470	0.74781064527864027358106113752001	0.78180388986236093451509532314958	0.81361810728821160054735628364142	0.84316462581687223742932246750570	0.87036109429288222028020527432091	0.89513171174347205827359630347928	0.91740743878815522727165898686508	0.93712619035345390283708866263623	0.95423300937695110235381434904411	0.96868022168178158359808094246546	0.98042757395671564779604523209855	0.98944236513373096109091875405284	0.99569964038324598742946136553655	0.99918335390929469141951813071501
60	0.02595977230124780002484818908215	0.07780933394953656878634262739070	0.12944913539694499760024370971223	0.18073996487342541827914033092384	0.23154355137602933289997508836677	0.28172293742326171006595814105822	0.33114284826844819775715222931467	0.37967005657679797625547735151486	0.42717374158307841458537268408691	0.47352584176170708918363061457057	0.51860140005856969480646512238309	0.56227890075394448832213356581633	0.60444059704851038627992920737597	0.64497282848947701250352793067577	0.68376632738135545430679940182017	0.72071651335573039265369743588963	0.75572377530658563227206059309538	0.78869373993226410402002102273400	0.81953752616214581294684649037663	0.84817198478592958910127208582708	0.87451992264689826228618585446384	0.89851031081004595346684027390438	0.92007847617762750225267609494040	0.93916627611642322648322078748606	0.95572225583999614872965366885182	0.96970178876505275233910197130172	0.98106720175259820582169822955620	0.98978789522222176966437245937414	0.99584052511883813796345066293725	0.99921012322743607558805933877011
61	0.05105890670797434693906069469449	0.10198460656227406606610941253166	0.15264424023081529790957233672088	0.20290564251805850992660396059364	0.25263768716905349309698181059503	0.30171062896303069145176323218038	0.34999644220406683770008271494589	0.39736915472575662366949700299301	0.44370517653853158712706772348611	0.48888362226225212658903274132172	0.53278662650292529789908257953357	0.57529965135083060978615776548395	0.61631178519792173542413138420670	0.65571603209507089982110983328312	0.69340959089449116792280847221264	0.72929412344946509261234268706175	0.76327601117231225202885980252177	0.79526659928235965413279018321191	0.82518242810865993774882554134820	0.85294545084766348885807474289322	0.87848323721488108528632210436626	0.90172916247400114464483067422407	0.92262258138295527576389076784835	0.94110898668136111488990991347237	0.95714015191298407181363927520579	0.97067425883318292356705114798388	0.98167601128403703114599920809269	0.99011674523251702595416645635851	0.99597459981512026505612311666482	0.99923559763136349243239919815096
62	0.02512929142182061467702958168502	0.07532439549623433372449454736852	0.12532922361589679538518282697623	0.17501745924901562778686070487311	0.22426358560416553844518716687162	0.27294320269672633916258064346039	0.32093334159419401041546393571480	0.36811277504656453318787612261076	0.41436232371712605759839220809226	0.45956515724011337553633893548977	0.50360708934475595377477930014720	0.54637686630025106282460001239087	0.58776644795308730095939608872868	0.62767128064688515465263662918005	0.66599056133547940294903355606948	0.70262749222229703427444746921537	0.73748952528315669940894849787583	0.77048859605541930584138299309416	0.80154134610397642646262283960823	0.83056933360400486687780130523606	0.85749923151207096960746412150911	0.88226301283189734192546893609688	0.90479812252109348413853240344906	0.92504763563620373556517506585806	0.94296040139232850663120188983157	0.95849117297392705250302924468997	0.97160072337165181988183348948951	0.98225594909723668024525977671146	0.99042997118929032573930726357503	0.99610229631626712176739602000453	0.99925985930877703200536643635132
63	0.04945218711615962520200540097903	0.09878335644694527517550852735440	0.14787278635787196034989676718396	0.19660034679150667491498438721464	0.24484679324595337579495435420540	0.29249405858625143750373354123440	0.33942554197458441045398558344459	0.38552639421224788041087094825343	0.43068379879511159424865240907820	0.47478724799480437335219562555721	0.51772881329003328509941184165655	0.55940340948628497486083688272629	0.59970905187762524324313062606961	0.63854710582136542385001121147070	0.67582252811498610967078093381133	0.71144409958484577938264692420489	0.74532464831784739356379532182473	0.77738126299037235700239989455440	0.80753549577345673515793578189914	0.83571355431950289371911821945105	0.86184648236412375599257984504220	0.88587032850785341064892008944298	0.90772630277853161295809059083695	0.92736092062184316553441476571606	0.94472613404100980183386582211824	0.95977944975894191603771332665929	0.97248403469757005446183484309586	0.98280881059372726671341524706804	0.99072854689218947665807490920997	0.99622401277797012486558969612815	0.99928298402912374420736796309939
64	0.02435029266342443252102434314565	0.07299312178779904236591846711235	0.12146281929612055827671923680100	0.16964442042399283105957863426738	0.21742364374000708315826102534629	0.26468716220876742362122513441136	0.31132287199021096979478784305684	0.35722015833766812553662362006435	0.40227015796399162583796282888216	0.44636601725346408686689869682596	0.48940314570705295560415493127948	0.53127946401989456504111331014428	0.57189564620263400041011436769622	0.61115535517239327756300326655037	0.64896547125465731120641521556536	0.68523631305423327031434155287570	0.71988185017161088197212848172057	0.75281990726053193974109944974771	0.78397235894334138528449784644181	0.81326531512279753854954833514057	0.84062929625258031585133267071797	0.86599939815409276988589226675685	0.88931544599511413995429620626965	0.91052213707850282453648560476722	0.92956917213193956950334495559218	0.94641137485840276521997793679475	0.96100879965205376898040867672535	0.97332682778991097549692312895786	0.98333625388462597705085954657989	0.99101337147674428695864889959921	0.99634011677195533085438228226849	0.99930504173577217041923859142116
=======
2	0.5773502691896257
3	0.7745966692414834
4	0.3399810435848563	0.8611363115940526
5	0.5384693101056831	0.9061798459386640
6	0.6612093864662645	0.2386191860831969	0.9324695142031521
7	0.4058451513773972	0.7415311855993945	0.9491079123427585
8	0.1834346424956498	0.5255324099163290	0.7966664774136267	0.9602898564975363
9	0.8360311073266358	0.9681602395076261	0.3242534234038089	0.6133714327005904
10	0.1488743389816312	0.4333953941292472	0.6794095682990244	0.8650633666889845	0.9739065285171717
11	0.2695431559523450	0.5190961292068118	0.7301520055740494	0.8870625997680953	0.9782286581460570
12	0.1252334085114689	0.3678314989981802	0.5873179542866175	0.7699026741943047	0.9041172563704749	0.9815606342467192
13	0.2304583159551348	0.4484927510364469	0.6423493394403402	0.8015780907333099	0.9175983992229779	0.9841830547185881
14	0.1080549487073437	0.3191123689278897	0.5152486363581541	0.6872929048116855	0.8272013150697650	0.9284348836635735	0.9862838086968123
15	0.2011940939974345	0.3941513470775634	0.5709721726085388	0.7244177313601701	0.8482065834104272	0.9372733924007060	0.9879925180204854
16	0.0950125098376374	0.2816035507792589	0.4580167776572274	0.6178762444026438	0.7554044083550030	0.8656312023878318	0.9445750230732326	0.9894009349916499
17	0.1784841814958479	0.3512317634538763	0.5126905370864769	0.6576711592166907	0.7815140038968014	0.8802391537269859	0.9506755217687678	0.9905754753144174
18	0.0847750130417353	0.2518862256915055	0.4117511614628426	0.5597708310739475	0.6916870430603532	0.8037049589725231	0.8926024664975557	0.9558239495713977	0.9915651684209309
19	0.1603586456402254	0.3165640999636298	0.4645707413759609	0.6005453046616810	0.7209661773352294	0.8227146565371428	0.9031559036148179	0.9602081521348300	0.9924068438435844
20	0.0765265211334973	0.2277858511416451	0.3737060887154195	0.5108670019508271	0.6360536807265150	0.7463319064601508	0.8391169718222188	0.9122344282513259	0.9639719272779138	0.9931285991850949
21	0.1455618541608951	0.2880213168024011	0.4243421202074388	0.5516188358872198	0.6671388041974123	0.7684399634756779	0.8533633645833173	0.9200993341504008	0.9672268385663063	0.9937521706203895
22	0.0697392733197222	0.2078604266882213	0.3419358208920842	0.4693558379867570	0.5876404035069116	0.6944872631866827	0.7878168059792081	0.8658125777203002	0.9269567721871740	0.9700604978354287	0.9942945854823992
23	0.1332568242984661	0.2641356809703450	0.3903010380302908	0.5095014778460075	0.6196098757636461	0.7186613631319502	0.8048884016188399	0.8767523582704416	0.9329710868260161	0.9725424712181152	0.9947693349975522
24	0.0640568928626056	0.1911188674736163	0.3150426796961634	0.4337935076260451	0.5454214713888396	0.6480936519369755	0.7401241915785544	0.8200019859739029	0.8864155270044011	0.9382745520027328	0.9747285559713095	0.9951872199970213
25	0.1228646926107104	0.2438668837209884	0.3611723058093879	0.4730027314457150	0.5776629302412229	0.6735663684734684	0.7592592630373576	0.8334426287608340	0.8949919978782753	0.9429745712289743	0.9766639214595175	0.9955569697904981
26	0.0592300934293132	0.1768588203568902	0.2920048394859569	0.4030517551234863	0.5084407148245057	0.6066922930176181	0.6964272604199573	0.7763859488206789	0.8454459427884981	0.9026378619843071	0.9471590666617142	0.9783854459564710	0.9958857011456169
27	0.1139725856095300	0.2264593654395368	0.3359939036385089	0.4411482517500269	0.5405515645794569	0.6329079719464952	0.7170134737394237	0.7917716390705082	0.8562079080182945	0.9094823206774911	0.9509005578147051	0.9799234759615012	0.9961792628889886
28	0.0550792898840343	0.1645692821333808	0.2720616276351781	0.3762515160890787	0.4758742249551183	0.5697204718114017	0.6566510940388650	0.7356108780136318	0.8056413709171791	0.8658925225743951	0.9156330263921321	0.9542592806289382	0.9813031653708727	0.9964424975739544
29	0.1062782301326792	0.2113522861660011	0.3140316378676399	0.4131528881740086	0.5075929551242276	0.5962817971382278	0.6782145376026865	0.7524628517344771	0.8181854876152524	0.8746378049201028	0.9211802329530587	0.9572855957780877	0.9825455052614132	0.9966794422605966
30	0.0514718425553177	0.1538699136085835	0.2546369261678899	0.3527047255308781	0.4470337695380892	0.5366241481420199	0.6205261829892429	0.6978504947933158	0.7677774321048262	0.8295657623827684	0.8825605357920527	0.9262000474292743	0.9600218649683075	0.9836681232797472	0.9968934840746495
31	0.0995553121523415	0.1981211993355706	0.2947180699817016	0.3883859016082329	0.4781937820449025	0.5632491614071493	0.6427067229242603	0.7157767845868532	0.7817331484166249	0.8399203201462674	0.8897600299482711	0.9307569978966481	0.9625039250929497	0.9846859096651525	0.9970874818194770
32	0.0483076656877383	0.1444719615827965	0.2392873622521371	0.3318686022821277	0.4213512761306353	0.5068999089322294	0.5877157572407623	0.6630442669302152	0.7321821187402897	0.7944837959679424	0.8493676137325700	0.8963211557660521	0.9349060759377397	0.9647622555875064	0.9856115115452684	0.9972638618494816
33	0.0936310658547334	0.1864392988279916	0.2776090971524970	0.3663392577480734	0.4518500172724507	0.5333899047863476	0.6102423458363790	0.6817319599697428	0.7472304964495622	0.8061623562741665	0.8580096526765041	0.9023167677434336	0.9386943726111684	0.9668229096899927	0.9864557262306425	0.9974246942464552
34	0.0455098219531025	0.1361523572591830	0.2256666916164495	0.3133110813394632	0.3983592777586459	0.4801065451903270	0.5578755006697467	0.6310217270805285	0.6989391132162629	0.7610648766298730	0.8168842279009336	0.8659346383345645	0.9078096777183244	0.9421623974051071	0.9687082625333443	0.9872278164063095	0.9975717537908420
35	0.0883713432756593	0.1760510611659896	0.2623529412092960	0.3466015544308139	0.4281375415178142	0.5063227732414887	0.5805453447497645	0.6502243646658904	0.7148145015566287	0.7738102522869126	0.8267498990922254	0.8732191250252224	0.9128542613593176	0.9453451482078273	0.9704376160392298	0.9879357644438514	0.9977065690996003
36	0.0430181984737086	0.1287361038093848	0.2135008923168656	0.2966849953440283	0.3776725471196892	0.4558639444334203	0.5306802859262452	0.6015676581359806	0.6680012365855210	0.7294891715935565	0.7855762301322066	0.8358471669924753	0.8799298008903972	0.9174977745156591	0.9482729843995076	0.9720276910496980	0.9885864789022122	0.9978304624840858
37	0.0836704089547699	0.1667539302398520	0.2486677927913657	0.3288374298837070	0.4067005093183261	0.4817108778032055	0.5533423918615817	0.6210926084089244	0.6844863091309593	0.7430788339819653	0.7964592005099023	0.8442529873405560	0.8861249621554861	0.9217814374124638	0.9509723432620948	0.9734930300564858	0.9891859632143192	0.9979445824779136
38	0.0407851479045782	0.1220840253378674	0.2025704538921167	0.2817088097901653	0.3589724404794350	0.4338471694323765	0.5058347179279311	0.5744560210478071	0.6392544158296817	0.6997986803791844	0.7556859037539707	0.8065441676053168	0.8520350219323621	0.8918557390046322	0.9257413320485844	0.9534663309335296	0.9748463285901535	0.9897394542663855	0.9980499305356876
39	0.0794438046087555	0.1583853399978378	0.2363255124618358	0.3127715592481859	0.3872401639715615	0.4592605123091361	0.5283772686604374	0.5941534549572780	0.6561732134320110	0.7140444358945347	0.7674012429310635	0.8159062974301431	0.8592529379999062	0.8971671192929929	0.9294091484867383	0.9557752123246522	0.9760987093334711	0.9902515368546860	0.9981473830664329
40	0.0387724175060508	0.1160840706752552	0.1926975807013711	0.2681521850072537	0.3419940908257585	0.4137792043716050	0.4830758016861787	0.5494671250951282	0.6125538896679802	0.6719566846141796	0.7273182551899271	0.7783056514265194	0.8246122308333117	0.8659595032122595	0.9020988069688743	0.9328128082786765	0.9579168192137917	0.9772599499837743	0.9907262386994570	0.9982377097105593
41	0.0756232589891630	0.1508133548639922	0.2251396056334228	0.2981762773418249	0.3695050226404815	0.4387172770514071	0.5054165991994061	0.5692209416102159	0.6297648390721963	0.6867015020349513	0.7397048030699261	0.7884711450474093	0.8327212004013613	0.8722015116924414	0.9066859447581012	0.9359769874978539	0.9599068917303463	0.9783386735610834	0.9911671096990163	0.9983215885747715
42	0.0369489431653518	0.1106450272085199	0.1837368065648546	0.2558250793428791	0.3265161244654115	0.3954238520429750	0.4621719120704219	0.5263957499311923	0.5877445974851093	0.6458833888692478	0.7004945905561712	0.7512799356894805	0.7979620532554874	0.8402859832618169	0.8780205698121727	0.9109597249041275	0.9389235573549882	0.9617593653382045	0.9793425080637482	0.9915772883408609	0.9983996189900625
43	0.0721529908745862	0.1439298095107133	0.2149562448605182	0.2848619980329136	0.3532826128643038	0.4198613760292693	0.4842511767857347	0.5461163166600848	0.6051342596396010	0.6609973137514982	0.7134142352689571	0.7621117471949551	0.8068359641369386	0.8473537162093151	0.8834537652186168	0.9149479072061387	0.9416719568476378	0.9634866130140800	0.9802782209802553	0.9919595575932442	0.9984723322425078
44	0.0352892369641354	0.1056919017086533	0.1755680147755168	0.2445694569282013	0.3123524665027858	0.3785793520147072	0.4429201745254115	0.5050543913882023	0.5646724531854708	0.6214773459035758	0.6751860706661224	0.7255310536607170	0.7722614792487559	0.8151445396451350	0.8539665950047104	0.8885342382860432	0.9186752599841758	0.9442395091181941	0.9650996504224931	0.9811518330779140	0.9923163921385159	0.9985402006367742
45	0.0689869801631442	0.1376452059832530	0.2056474897832637	0.2726697697523776	0.3383926542506022	0.4025029438585419	0.4646951239196351	0.5246728204629161	0.5821502125693532	0.6368533944532233	0.6885216807712006	0.7369088489454904	0.7817843125939062	0.8229342205020863	0.8601624759606642	0.8932916717532418	0.9221639367190004	0.9466416909956291	0.9666083103968947	0.9819687150345405	0.9926499984472037	0.9986036451819367
46	0.0337721900160520	0.1011624753055842	0.1680911794671035	0.2342529222062698	0.2993458227018700	0.3630728770209957	0.4251433132828284	0.4852739183881646	0.5431903302618026	0.5986282897127152	0.6513348462019977	0.7010695120204057	0.7476053596156661	0.7907300570752742	0.8302468370660661	0.8659753948668580	0.8977527115339420	0.9254337988067539	0.9488923634460898	0.9680213918539919	0.9827336698041669	0.9929623489061744	0.9986630421338180
47	0.0660869239163557	0.1318848665545149	0.1971061102791118	0.2614654592149745	0.3246814863377359	0.3864777640846672	0.4465840731048557	0.5047375838635779	0.5606840059346642	0.6141786999563736	0.6649877473903327	0.7128889734090643	0.7576729184454386	0.7991437541677420	0.8371201398999021	0.8714360157968963	0.9019413294385253	0.9285026930123607	0.9510039692577085	0.9693467873265645	0.9834510030716237	0.9932552109877686	0.9987187285842121
48	0.0323801709628694	0.0970046992094627	0.1612223560688917	0.2247637903946891	0.2873624873554556	0.3487558862921608	0.4086864819907167	0.4669029047509584	0.5231609747222330	0.5772247260839727	0.6288673967765136	0.6778723796326639	0.7240341309238146	0.7671590325157404	0.8070662040294426	0.8435882616243935	0.8765720202742479	0.9058791367155696	0.9313866907065543	0.9529877031604309	0.9705915925462473	0.9841245837228269	0.9935301722663508	0.9987710072524261
49	0.0634206849826868	0.1265859972696720	0.1892415924618136	0.2511351786125773	0.3120175321197488	0.3716435012622849	0.4297729933415765	0.4861719414524920	0.5406132469917261	0.5928776941089007	0.6427548324192377	0.6900438244251321	0.7345542542374027	0.7761068943454467	0.8145344273598555	0.8496821198441658	0.8814084455730089	0.9095856558280733	0.9341002947558101	0.9548536586741372	0.9717622009015554	0.9847578959142130	0.9937886619441678	0.9988201506066354
50	0.0310983383271889	0.0931747015600861	0.1548905899981459	0.2160072368760418	0.2762881937795320	0.3355002454194373	0.3934143118975651	0.4498063349740388	0.5044581449074642	0.5571583045146501	0.6077029271849502	0.6558964656854394	0.7015524687068222	0.7444943022260685	0.7845558329003993	0.8215820708593360	0.8554297694299461	0.8859679795236131	0.9130785566557919	0.9366566189448780	0.9566109552428079	0.9728643851066920	0.9853540840480058	0.9940319694320907	0.9988664044200710
51	0.0609611001505787	0.1216954210188888	0.1819770269570775	0.2415816664477987	0.3002876063353319	0.3578764566884095	0.4141339832263039	0.4688509042860410	0.5218236693661858	0.5728552163513039	0.6217557046007233	0.6683432211753700	0.7124444575770367	0.7538953544853755	0.7925417120993812	0.8282397638230649	0.8608567111822923	0.8902712180295274	0.9163738623097802	0.9390675440029623	0.9582678486139082	0.9739033680193239	0.9859159917359029	0.9942612604367526	0.9989099908489035
52	0.0299141097973388	0.0896352446489006	0.1490355086069492	0.2079022641563661	0.2660247836050018	0.3231950034348078	0.3792082691160937	0.4338640677187617	0.4869667456980961	0.5383262092858274	0.5877586049795791	0.6350869776952459	0.6801419042271677	0.7227620997499832	0.7627949951937449	0.8000972834304684	0.8345354323267345	0.8659861628460676	0.8943368905344953	0.9194861289164246	0.9413438536413591	0.9598318269330866	0.9748838842217445	0.9864461956515499	0.9944775909292161	0.9989511111039503
53	0.0586850543002595	0.1171678090719551	0.1752466621553257	0.2327214037242726	0.2893939064516262	0.3450688084957224	0.3995541869539530	0.4526622194618458	0.5042098316571334	0.5540193282770679	0.6019190057137693	0.6477437439165100	0.6913355756013667	0.7325442308075103	0.7712276549255324	0.8072524984168955	0.8404945765458014	0.8708392975582413	0.8981820578754266	0.9224286030428122	0.9434953534644419	0.9613096946231363	0.9758102337149845	0.9869470350233716	0.9946819193080071	0.9989899477763282
54	0.0288167481993418	0.0863545182632482	0.1436054273162561	0.2003792936062136	0.2564875200699973	0.3117437208344682	0.3659643403721912	0.4189692632552045	0.4705824124813823	0.5206323343859330	0.5689527681952095	0.6153831983311274	0.6597693876319831	0.7019638897191729	0.7418265388091844	0.7792249153462540	0.8140347859135678	0.8461405159707730	0.8754354540655689	0.9018222862847016	0.9252133598666515	0.9455309751649958	0.9627076457859236	0.9766863288579032	0.9874206373973435	0.9948751170183389	0.9990266668673410
55	0.0565727538183368	0.1129642880593293	0.1689939636468732	0.2244823006478455	0.2792515532008065	0.3331262788900239	0.3859339007409794	0.4375052600371746	0.4876751581874741	0.5362828859083433	0.5831727380260321	0.6281945122499282	0.6712039903198264	0.7120633999866378	0.7506418563480219	0.7868157811276224	0.8204692985593209	0.8514946066171545	0.8797923224198955	0.9052718007440000	0.9278514247207917	0.9474588680412107	0.9640313285931352	0.9775157355039892	0.9878689411988892	0.9950579778474119	0.9990614195648185
56	0.0277970352872754	0.0833051868224354	0.1385558468103762	0.1933782386352753	0.2476029094343372	0.3010622538672207	0.3535910321749545	0.4050268809270913	0.4552108148784596	0.5039877183843817	0.5512068248555346	0.5967221827706634	0.6403931068070069	0.6820846126944704	0.7216678344501881	0.7590204227051289	0.7940269228938664	0.8265791321428817	0.8565764337627486	0.8839261083278276	0.9085436204206555	0.9303528802474963	0.9492864795619627	0.9652859019054901	0.9783017091402564	0.9882937155401615	0.9952312260810697	0.9990943438014656
57	0.0546071510016468	0.1090513328087878	0.1631700625912643	0.2168018287961240	0.2697865731618387	0.3219661683953786	0.3731848900865944	0.4232898814515639	0.4721316095179757	0.5195643113911876	0.5654464292692367	0.6096410329087154	0.6520162282809769	0.6924455511995178	0.7308083447445233	0.7669901193594502	0.8008828945472183	0.8323855211504391	0.8614039832620469	0.8878516788822214	0.9116496785213912	0.9327269610671017	0.9510206264478768	0.9664760851718867	0.9790472267094688	0.9886965776502220	0.9953955236784303	0.9991255656252629
58	0.0268470123659424	0.0804636302141427	0.1338482505954668	0.1868469518357613	0.2393069249661535	0.2910769143111092	0.3420076535979953	0.3919522963307531	0.4407668391868396	0.4883105372167185	0.5344463096488475	0.5790411351302250	0.6219664352630792	0.6630984453321253	0.7023185711539082	0.7395137310200423	0.7745766817496528	0.8074063279130882	0.8379080133393734	0.8659937940748075	0.8915826920220302	0.9146009285643525	0.9349821375882593	0.9526675575188691	0.9676062025029241	0.9797550146943503	0.9890790082484426	0.9955514765972909	0.9991552004073866
59	0.0527734840883100	0.1053998790163442	0.1577325055878580	0.2096255033920365	0.2609342373428117	0.3115157008030137	0.3612289141697948	0.4099353178104190	0.4574991582532667	0.5037878665577180	0.5486724278083964	0.5920277407040302	0.6337329662388501	0.6736718645049372	0.7117331186771977	0.7478106452786403	0.7818038898623609	0.8136181072882116	0.8431646258168722	0.8703610942928822	0.8951317117434721	0.9174074387881552	0.9371261903534539	0.9542330093769511	0.9686802216817816	0.9804275739567156	0.9894423651337310	0.9956996403832460	0.9991833539092947
60	0.0259597723012478	0.0778093339495366	0.1294491353969450	0.1807399648734254	0.2315435513760293	0.2817229374232617	0.3311428482684482	0.3796700565767980	0.4271737415830784	0.4735258417617071	0.5186014000585697	0.5622789007539445	0.6044405970485104	0.6449728284894770	0.6837663273813555	0.7207165133557304	0.7557237753065856	0.7886937399322641	0.8195375261621458	0.8481719847859296	0.8745199226468983	0.8985103108100460	0.9200784761776275	0.9391662761164232	0.9557222558399961	0.9697017887650528	0.9810672017525982	0.9897878952222218	0.9958405251188381	0.9992101232274361
61	0.0510589067079743	0.1019846065622741	0.1526442402308153	0.2029056425180585	0.2526376871690535	0.3017106289630307	0.3499964422040668	0.3973691547257566	0.4437051765385316	0.4888836222622521	0.5327866265029253	0.5752996513508306	0.6163117851979217	0.6557160320950709	0.6934095908944912	0.7292941234494651	0.7632760111723123	0.7952665992823597	0.8251824281086599	0.8529454508476635	0.8784832372148811	0.9017291624740011	0.9226225813829553	0.9411089866813611	0.9571401519129841	0.9706742588331829	0.9816760112840370	0.9901167452325170	0.9959745998151203	0.9992355976313635
62	0.0251292914218206	0.0753243954962343	0.1253292236158968	0.1750174592490156	0.2242635856041655	0.2729432026967263	0.3209333415941940	0.3681127750465645	0.4143623237171261	0.4595651572401134	0.5036070893447560	0.5463768663002511	0.5877664479530873	0.6276712806468852	0.6659905613354794	0.7026274922222970	0.7374895252831567	0.7704885960554193	0.8015413461039764	0.8305693336040049	0.8574992315120710	0.8822630128318973	0.9047981225210935	0.9250476356362037	0.9429604013923285	0.9584911729739271	0.9716007233716518	0.9822559490972367	0.9904299711892903	0.9961022963162671	0.9992598593087770
63	0.0494521871161596	0.0987833564469453	0.1478727863578720	0.1966003467915067	0.2448467932459534	0.2924940585862514	0.3394255419745844	0.3855263942122479	0.4306837987951116	0.4747872479948044	0.5177288132900333	0.5594034094862850	0.5997090518776252	0.6385471058213654	0.6758225281149861	0.7114440995848458	0.7453246483178474	0.7773812629903724	0.8075354957734567	0.8357135543195029	0.8618464823641238	0.8858703285078534	0.9077263027785316	0.9273609206218432	0.9447261340410098	0.9597794497589419	0.9724840346975701	0.9828088105937273	0.9907285468921895	0.9962240127779701	0.9992829840291237
64	0.0243502926634244	0.0729931217877990	0.1214628192961206	0.1696444204239928	0.2174236437400071	0.2646871622087674	0.3113228719902110	0.3572201583376681	0.4022701579639916	0.4463660172534641	0.4894031457070530	0.5312794640198946	0.5718956462026340	0.6111553551723933	0.6489654712546573	0.6852363130542333	0.7198818501716109	0.7528199072605319	0.7839723589433414	0.8132653151227975	0.8406292962525803	0.8659993981540928	0.8893154459951141	0.9105221370785028	0.9295691721319396	0.9464113748584028	0.9610087996520538	0.9733268277899110	0.9833362538846260	0.9910133714767443	0.9963401167719553	0.9993050417357722
>>>>>>> aleix-origin/dsst
