0                 9389.68172504422
10                9389.68223287282
20                9389.68276455914
30                9389.68328602073
40                9389.68380066582
50                9389.68432212741
60                9389.6848367725 
70                9389.68536505058
80                9389.68588310392
90                9389.68640797375
100               9389.68691921059
110               9389.68744408042
120               9389.68795872552
130               9389.68849382009
140               9389.68900164869
150               9389.68953333501
160               9389.69003775536
170               9389.69056603344
180               9389.69109431152
190               9389.69160214012
200               9389.69212019346
210               9389.69265187978
220               9389.69316311663
230               9389.69367776172
240               9389.69421285629
250               9389.69472750138
260               9389.69524555472
270               9389.69576360806
280               9389.69628847789
290               9389.69680312299
300               -nan            
310               -nan            
320               9389.69837091599
330               9389.69888896933
340               9389.69940020617
350               9389.69992848425
360               9389.70044312934
370               9389.70097140742
380               9389.70148946076
390               9389.7020075141 
400               9389.70252897568
410               9389.70304021253
420               9389.7035684906 
430               9389.70408995219
440               9389.70460800553
450               9389.70512605887
460               9389.70564752045
470               9389.70616898204
480               9389.70668362713
490               9389.70720168047
500               9389.70773336679
510               9389.70824801189
520               9389.70876265698
530               9389.70929093506
540               9389.7098021719 
550               9389.71033385823
560               9389.71084509507
570               9389.71136314841
580               9389.71189142649
590               9389.71239584685
600               -nan            
610               -nan            
620               9389.71397045634
630               9389.71448510143
640               9389.71499974652
650               9389.71552120811
660               9389.71604607794
670               9389.71656753952
680               9389.71708218462
690               9389.7176036462 
700               9389.71812169954
710               9389.71864656937
720               9389.71916462271
730               9389.71968267605
740               9389.72019732114
750               9389.72072219097
760               9389.72124024431
770               9389.72176852239
780               9389.72227975924
790               9389.72280122082
800               9389.72331586591
810               9389.72384073575
820               9389.72435878908
830               9389.72488025067
840               9389.72539489576
850               9389.72592658208
860               9389.72643441069
870               9389.72695928052
880               9389.7274807421 
890               9389.72799538719
900               9389.72851684878
910               9389.72903149387
920               9389.72955977195
930               9389.73007441704
940               9389.73059587863
950               9389.73111393197
960               9389.73163539355
970               9389.73215344689
980               9389.73267150023
990               9389.73319977831
1000              9389.73370079042
1010              9389.73424270148
1020              9389.73474712183
1030              9389.73526517517
1040              9389.73579686149
1050              9389.73631150659
1060              9389.73682274343
1070              9389.73735102151
1080              9389.73786907485
1090              9389.73838371994
1100              9389.73890858977
1110              9389.73942323487
1120              9389.73994128821
1130              9389.74046615804
1140              9389.74098421138
1150              9389.74150567296
1160              9389.7420237263 
1170              9389.74254177964
1180              9389.74306324123
1190              9389.74358129456
1200              9389.74410275615
1210              9389.74461058475
1220              9389.74514227107
1230              9389.74566032441
1240              9389.74617837775
1250              9389.74669302284
1260              9389.74722130092
1270              9389.74773594601
1280              9389.74825059111
1290              9389.74877886918
1300              9389.74929692252
1310              9389.74980475112
1320              9389.75032962095
1330              9389.75086130728
1340              9389.75136572763
1350              9389.75189400571
1360              9389.75239842607
1370              9389.75293352063
1380              9389.75344475748
1390              9389.75396621906
1400              9389.75448768065
1410              9389.75500232574
1420              9389.75552378733
1430              9389.75604524891
1440              9389.75655989401
1450              9389.75708476384
1460              9389.75759940893
1470              9389.75812427876
1480              9389.75863551561
1490              9389.75915697719
1500              9389.75967503053
1510              9389.76020330861
1520              9389.76071113721
1530              9389.76123600704
1540              9389.76175065214
1550              9389.76226870547
1560              9389.76279698355
1570              9389.76330140391
1580              9389.76384331497
1590              9389.76434091883
1600              9389.76486919691
1610              9389.76538043376
1620              9389.76591212008
1630              9389.76642676517
1640              9389.76694141026
1650              9389.76746287185
1660              9389.76799114993
1670              9389.76849557028
1680              9389.76901703187
1690              9389.76953849345
1700              9389.7700497303 
1710              9389.77059845785
1720              9389.77105857101
1730              9389.77162433979
1740              9389.7721253519 
1750              9389.77266726296
1760              9389.77314441735
1770              9389.77370677788
1780              9389.77422483122
1790              9389.77474288456
1800              9389.77522003895
1810              9389.775775583  
1820              9389.77629363633
1830              9389.77678783195
1840              9389.77733996775
1850              9389.77783757161
1860              9389.77833176723
1870              9389.77883277934
1880              9389.77944285532
1890              9389.77986547778
1900              9389.78051304445
1910              9389.78097315761
1920              9389.78141622955
1930              9389.78201948903
1940              9389.78246937746
1950              9389.78297038957
1960              9389.7836077315 
1970              9389.78409511063
1980              9389.78450069187
1990              9389.78522323994
2000              9389.78558451398
2010              9389.7861162003 
2020              9389.78672968452
2030              9389.78716253172
2040              9389.78759197067
2050              9389.78825317033
2060              9389.78875759068
2070              9389.78910863999
2080              9389.78989935298
2090              9389.79031856719
2100              9389.7908638865 
2110              9389.79117062861
2120              9389.79203973125
2130              9389.79219991879
2140              9389.79288838441
2150              9389.79350186863
2160              9389.79382224372
2170              9389.79445276917
2180              9389.79485153391
2190              9389.79561157269
2200              9389.79600352094
2210              9389.79642273516
2220              9389.79710779253
2230              9389.79775535921
2240              9389.79753382324
2250              9389.79880850711
2260              9389.79927884501
2270              9389.79951742221
2280              9389.80001843432
2290              9389.80047854748
2300              9389.80163394276
2310              9389.80149761293
2320              9389.80248941242
2330              9389.80304495646
2340              9389.80242806399
2350              9389.80380499524
2360              9389.8043025991 
2370              9389.80535233876
2380              9389.80490585859
2390              9389.80575110351
2400              9389.80634073   
2410              9389.80735979545
2420              9389.80643275264
2430              9389.80891395547
2440              9389.80799372915
2450              9389.80884919881
2460              9389.80947290776
2470              9389.80982736531
2480              9389.81044425777
2490              9389.81147354796
2500              9389.81172575814
2510              9389.81200523428
2520              9389.81228471042
2530              9389.81333104184
2540              9389.81332422535
2550              9389.81474205554
2560              9389.81471478957
2570              9389.81506243063
2580              9389.81522943467
2590              9389.81723689135
2600              9389.81526351712
2610              9389.81835820417
2620              9389.81695741521
2630              9389.81911483471
2640              9389.81812303522
2650              9389.81953064068
2660              9389.81972150244
2670              9389.82004187753
2680              9389.82248558966
2690              9389.81859678137
2700              9389.82235948457
2710              9389.82370914985
2720              9389.82238334229
2730              9389.82319450476
2740              9389.82470094933
2750              9389.82430900108
2760              9389.82549507057
2770              9389.82571319829
2780              9389.82561776741
2790              9389.82737301392
2800              9389.82644597111
2810              9389.82522581916
2820              9389.83207980117
2830              9389.82700151515
2840              9389.83179350854
2850              9389.82618012795
2860              9389.83225021345
2870              9389.82858294113
2880              9389.83117661607
2890              9389.83367826838
2900              9389.83059721431
2910              9389.83364759417
2920              9389.8343292433 
2930              9389.83041316905
2940              9389.83669456578
2950              9389.835351717  
2960              9389.83458145348
2970              9389.8368820193 
2980              9389.83504838313
2990              9389.83701834912
3000              9389.84017779284
3010              9389.83557666121
3020              9389.83944161178
3030              9389.84000738056
3040              9389.83651392876
3050              9389.8408015018 
3060              9389.8387940451 
3070              9389.84498341921
3080              9389.83776816316
3090              9389.84553214676
3100              9389.83930528195
3110              9389.84657506993
3120              9389.84266581217
3130              9389.84041637004
3140              9389.84544694062
3150              9389.84998331558
3160              9389.84375304253
3170              9389.84184101672
3180              9389.84762480959
3190              9389.85339496948
3200              9389.84890630996
3210              9389.8419364476 
3220              9389.85260766473
3230              9389.85308141088
3240              9389.84487435535
3250              9389.85230773912
3260              9389.84508566658
3270              9389.85782568883
3280              9389.84506180886
3290              9389.8552183809 
3300              9389.85662257811
3310              9389.84931529943
3320              9389.85966273323
3330              9389.8511046284 
3340              9389.85457081423
3350              9389.85463216265
3360              9389.85371875282
3370              9389.85486392336
3380              9389.86419569995
3390              9389.85466283686
3400              9389.85341201071
3410              9389.86903881702
3420              9389.86116236132
3430              9389.84914488715
3440              9389.86312210257
3450              9389.86434907101
3460              9389.85266219666
3470              9389.86979544756
3480              9389.85693272847
3490              9389.86628495454
3500              9389.86370150433
3510              9389.86774368368
3520              9389.85258039877
3530              9389.86076700483
3540              9389.87904542626
3550              9389.85561032915
3560              9389.87140413951
3570              9389.86535791172
3580              9389.87038507406
3590              9389.87161204249
3600              9389.86715746542
