441568800         -3.67969532837276585e-09
441568801         -3.67928711329194533e-09
441568802         -3.67876360604986017e-09
441568803         -3.67256715280367511e-09
441568804         -3.67802624210869448e-09
441568805         -3.67134087414316262e-09
441568806         -3.67130669851758025e-09
441568807         -3.67072177648902319e-09
441568808         -3.6704689269333098e-09
441568809         -3.66995215296174954e-09
441568810         -3.66929982858263471e-09
441568811         -3.66311962502801655e-09
441568812         -3.66859161791580908e-09
441568813         -3.66220553302766184e-09
441568814         -3.66202068768326905e-09
441568815         -3.66710736582047705e-09
441568816         -3.66091695717788424e-09
441568817         -3.65450288747775012e-09
441568818         -3.66010336107407571e-09
441568819         -3.65956444770244825e-09
441568820         -3.65321260305275104e-09
441568821         -3.65854122477596438e-09
441568822         -3.65236041387445356e-09
441568823         -3.65186597929327261e-09
441568824         -3.65132600817744675e-09
441568825         -3.6509288559175231e-09
441568826         -3.65053420441450856e-09
441568827         -3.6440950107665199e-09
441568828         -3.6495270706925767e-09
441568829         -3.64308894557762377e-09
441568830         -3.64281767043807175e-09
441568831         -3.64227736092340507e-09
441568832         -3.64758997622302976e-09
441568833         -3.63542719868771732e-09
441568834         -3.640893758153742e-09
441568835         -3.64026793330369357e-09
441568836         -3.63399390275431724e-09
441568837         -3.63949515256961527e-09
441568838         -3.63292290619685044e-09
441568839         -3.63244300498770186e-09
441568840         -3.63204973878811688e-09
441568841         -3.63168508477986968e-09
441568842         -3.6311747836441849e-09
441568843         -3.63052915212802057e-09
441568844         -3.62415232839780242e-09
441568845         -3.62967659247310266e-09
441568846         -3.62330308798147375e-09
441568847         -3.62269613542213318e-09
441568848         -3.62219870181317966e-09
441568849         -3.62173724508290829e-09
441568850         -3.62137865809374283e-09
441568851         -3.62083474120800569e-09
441568852         -3.61430736195752409e-09
441568853         -3.619834274121248e-09
441568854         -3.61332148688703885e-09
441568855         -3.61284628392554769e-09
441568856         -3.61240476164170553e-09
441568857         -3.61184589903027138e-09
441568858         -3.61126320002817003e-09
441568859         -3.61102245327021529e-09
441568860         -3.61032088690021059e-09
441568861         -3.60381358379026152e-09
441568862         -3.60340655384670315e-09
441568863         -3.60875127751381756e-09
441568864         -3.60253486107293153e-09
441568865         -3.60180426681023512e-09
441568866         -3.60134931230042134e-09
441568867         -3.59500069857380363e-09
441568868         -3.60027135241386733e-09
441568869         -3.59981303136404756e-09
441568870         -3.59329749200754106e-09
441568871         -3.59294256940301535e-09
441568872         -3.59226367024220032e-09
441568873         -3.59768127262834158e-09
441568874         -3.58526324364816019e-09
441568875         -3.59084836362416695e-09
441568876         -3.59025287481735373e-09
441568877         -3.58364659541742011e-09
441568878         -3.58909186363607595e-09
441568879         -3.58273877171282767e-09
441568880         -3.58227707506936122e-09
441568881         -3.58738343940065811e-09
441568882         -3.57518284291375228e-09
441568883         -3.58045438109278422e-09
441568884         -3.58006674631089712e-09
441568885         -3.57951634471641376e-09
441568886         -3.57298197099481175e-09
441568887         -3.5721906647949285e-09
441568888         -3.57801070605182123e-09
441568889         -3.57126713367056232e-09
441568890         -3.57087574298324055e-09
441568891         -3.57027426400365536e-09
441568892         -3.56368780212165649e-09
441568893         -3.56925827572649909e-09
441568894         -3.56853637623408011e-09
441568895         -3.56204833643802687e-09
441568896         -3.56159404742702777e-09
441568897         -3.56084551055825904e-09
441568898         -3.5605638882961251e-09
441568899         -3.55981337376533179e-09
441568900         -3.5593697358307669e-09
441568901         -3.55863212615715743e-09
441568902         -3.55229334661881423e-09
441568903         -3.55767538421644125e-09
441568904         -3.5511013538331565e-09
441568905         -3.55060678190750551e-09
441568906         -3.55591845816526876e-09
441568907         -3.54344382039542167e-09
441568908         -3.54867078145543635e-09
441568909         -3.54835045303998118e-09
441568910         -3.5476806424062484e-09
441568911         -3.54116577311195651e-09
441568912         -3.54646585022061029e-09
441568913         -3.54000731186526196e-09
441568914         -3.53944451353693037e-09
441568915         -3.5388754263126412e-09
441568916         -3.53814254215736158e-09
441568917         -3.53778940653764581e-09
441568918         -3.5310166045846707e-09
441568919         -3.53661214684560475e-09
441568920         -3.53009077146482155e-09
441568921         -3.53514273716725223e-09
441568922         -3.52882788365831686e-09
441568923         -3.52819306432960682e-09
441568924         -3.52767555605257504e-09
441568925         -3.52705563928772763e-09
441568926         -3.52045256920731142e-09
441568927         -3.52572561926586678e-09
441568928         -3.51941155336370476e-09
441568929         -3.52454084458320463e-09
441568930         -3.51808163816196599e-09
441568931         -3.51746050363594903e-09
441568932         -3.51687564802050242e-09
441568933         -3.5163469498395274e-09
441568934         -3.51556733711961672e-09
441568935         -3.50910671926779044e-09
441568936         -3.51448865411928533e-09
441568937         -3.50788893888837783e-09
441568938         -3.51306575306372814e-09
441568939         -3.50676566526139145e-09
441568940         -3.50606587217816847e-09
441568941         -3.50527078709117578e-09
441568942         -3.50486588570406831e-09
441568943         -3.49819851530525475e-09
441568944         -3.50362657868336658e-09
441568945         -3.49694941174501036e-09
441568946         -3.50226749471587902e-09
441568947         -3.49589159095450094e-09
441568948         -3.49511268616393888e-09
441568949         -3.49429427276754422e-09
441568950         -3.49402481158383665e-09
441568951         -3.49313950356422866e-09
441568952         -3.4868121382846829e-09
441568953         -3.49204289400052639e-09
441568954         -3.48522548051073326e-09
441568955         -3.4906905392914102e-09
441568956         -3.48406684360983018e-09
441568957         -3.48356277090844454e-09
441568958         -3.48278133130890224e-09
441568959         -3.48204460217352492e-09
441568960         -3.47579892124209201e-09
441568961         -3.48086617510174799e-09
441568962         -3.48026817117360751e-09
441568963         -3.47371554448637107e-09
441568964         -3.47299454861155896e-09
441568965         -3.4723388626268749e-09
441568966         -3.47169782369374082e-09
441568967         -3.47120250886397329e-09
441568968         -3.47045253900964342e-09
441568969         -3.46973964748821101e-09
441568970         -3.46314065054859807e-09
441568971         -3.46836424443945981e-09
441568972         -3.46183797460717264e-09
441568973         -3.46117783773759167e-09
441568974         -3.46062630228821518e-09
441568975         -3.45992843995660501e-09
441568976         -3.45911437251126439e-09
441568977         -3.45854057209622393e-09
441568978         -3.45191544309730063e-09
441568979         -3.45722563961230466e-09
441568980         -3.4506090121225569e-09
441568981         -3.4557964000627922e-09
441568982         -3.4491813424704403e-09
441568983         -3.44860794590047956e-09
441568984         -3.44784729853523334e-09
441568985         -3.44724578447832966e-09
441568986         -3.44080564215885645e-09
441568987         -3.44575209400827284e-09
441568988         -3.43921065999406932e-09
441568989         -3.4446135409450826e-09
441568990         -3.43778458157154248e-09
441568991         -3.43717991229304116e-09
441568992         -3.43663713777365404e-09
441568993         -3.43564351068566041e-09
441568994         -3.43527484709201984e-09
441568995         -3.42840724882652612e-09
441568996         -3.43383086514388305e-09
441568997         -3.42703598827559468e-09
441568998         -3.43235572269348814e-09
441568999         -3.42572989255586613e-09
441569000         -3.42513064062331088e-09
441569001         -3.4241845367470312e-09
441569002         -3.42367153636613959e-09
441569003         -3.41708004054249661e-09
441569004         -3.42226562872569744e-09
441569005         -3.42155174766184266e-09
441569006         -3.414846339334129e-09
441569007         -3.41413007229103116e-09
441569008         -3.41351108628161452e-09
441569009         -3.41289482561895328e-09
441569010         -3.41194132474894005e-09
441569011         -3.41130387863833117e-09
441569012         -3.41069947835615594e-09
441569013         -3.40381410777524021e-09
441569014         -3.40934702065795143e-09
441569015         -3.40252952055700126e-09
441569016         -3.407730777835047e-09
441569017         -3.40113350242866483e-09
441569018         -3.4004520771555719e-09
441569019         -3.39961341560760099e-09
441569020         -3.39308655022753386e-09
441569021         -3.39821183881267727e-09
441569022         -3.39738592282010605e-09
441569023         -3.39091444345680325e-09
441569024         -3.3901020387404468e-09
441569025         -3.39527867262349095e-09
441569026         -3.38865802720362275e-09
441569027         -3.38795572286290593e-09
441569028         -3.38720837500151935e-09
441569029         -3.38046198523910377e-09
441569030         -3.3858344644427942e-09
441569031         -3.38494359278105459e-09
441569032         -3.37826800687591397e-09
441569033         -3.37751736038825331e-09
441569034         -3.38273236964678806e-09
441569035         -3.37605772878213665e-09
441569036         -3.37545476310004016e-09
441569037         -3.3686483216971731e-09
441569038         -3.37374217609744311e-09
441569039         -3.37309635448915214e-09
441569040         -3.3663886481002945e-09
441569041         -3.37174614825804332e-09
441569042         -3.36483913159832655e-09
441569043         -3.36424172264946133e-09
441569044         -3.36332348708601719e-09
441569045         -3.36266333638919909e-09
441569046         -3.36191481154062859e-09
441569047         -3.36122417524368678e-09
441569048         -3.35445810046882305e-09
441569049         -3.35947524049924895e-09
441569050         -3.35286381560014319e-09
441569051         -3.35812279889415097e-09
441569052         -3.3513316597648096e-09
441569053         -3.35076683059729155e-09
441569054         -3.34987671784309872e-09
441569055         -3.34904795996907186e-09
441569056         -3.34219476255359353e-09
441569057         -3.34767505287138321e-09
441569058         -3.34083484180083463e-09
441569059         -3.34598601992545531e-09
441569060         -3.33933746114352594e-09
441569061         -3.33843197944324019e-09
441569062         -3.33780312367491328e-09
441569063         -3.33687231870829365e-09
441569064         -3.33632791625852399e-09
441569065         -3.33533188460052545e-09
441569066         -3.3287622807970665e-09
441569067         -3.33368025813644969e-09
441569068         -3.32727131052494626e-09
441569069         -3.32617753722260625e-09
441569070         -3.3314874833618113e-09
441569071         -3.32477641397290682e-09
441569072         -3.32389751834318265e-09
441569073         -3.31729051995846278e-09
441569074         -3.32231939289409582e-09
441569075         -3.32162561327586965e-09
441569076         -3.31479670883560246e-09
441569077         -3.32003487893223141e-09
441569078         -3.31316233649862165e-09
441569079         -3.31249602209408293e-09
441569080         -3.31171980654766741e-09
441569081         -3.31067225072590517e-09
441569082         -3.31012411542704354e-09
441569083         -3.30328587568888718e-09
441569084         -3.30850956544584271e-09
441569085         -3.30756664810055896e-09
441569086         -3.30105230549284591e-09
441569087         -3.29998672188176327e-09
441569088         -3.29936306408421839e-09
441569089         -3.29846917887825226e-09
441569090         -3.29767848902150264e-09
441569091         -3.29668068862253315e-09
441569092         -3.29602850699244163e-09
441569093         -3.28928820514028537e-09
441569094         -3.29441531511818943e-09
441569095         -3.28766722294803417e-09
441569096         -3.29271512218813256e-09
441569097         -3.28593180301652441e-09
441569098         -3.28514302153035186e-09
441569099         -3.28446244378197167e-09
441569100         -3.27746228342241408e-09
441569101         -3.28272047268887077e-09
441569102         -3.28176119813506756e-09
441569103         -3.27524644914400821e-09
441569104         -3.28010692627454141e-09
441569105         -3.27335170741990956e-09
441569106         -3.27275632279108474e-09
441569107         -3.27165473634338978e-09
441569108         -3.27100077074940815e-09
441569109         -3.27004000342735505e-09
441569110         -3.26926417682320908e-09
441569111         -3.26246406855345555e-09
441569112         -3.26766612815244462e-09
441569113         -3.26082661784341031e-09
441569114         -3.25998558869175227e-09
441569115         -3.26490565734898721e-09
441569116         -3.25821447830654887e-09
441569117         -3.25736563052580156e-09
441569118         -3.25668957894529637e-09
441569119         -3.24974374215922399e-09
441569120         -3.25483030267803912e-09
441569121         -3.24814639905820264e-09
441569122         -3.25312039430824771e-09
441569123         -3.24642000123557586e-09
441569124         -3.24550796657502781e-09
441569125         -3.24472309050051856e-09
441569126         -3.24386253348483365e-09
441569127         -3.24284868908440327e-09
441569128         -3.24201789864217733e-09
441569129         -3.24130599244844052e-09
441569130         -3.23441495466985159e-09
441569131         -3.23958075730371274e-09
441569132         -3.23262113841001252e-09
441569133         -3.23176191728393952e-09
441569134         -3.23103570153442078e-09
441569135         -3.23005481742045421e-09
441569136         -3.22921884069655054e-09
441569137         -3.22846122874231172e-09
441569138         -3.22733646033982243e-09
441569139         -3.22070682575529278e-09
441569140         -3.225757931335586e-09
441569141         -3.21888661600945953e-09
441569142         -3.21815245266372925e-09
441569143         -3.21697050979250206e-09
441569144         -3.21637902999073561e-09
441569145         -3.21532471630013191e-09
441569146         -3.21447555629387508e-09
441569147         -3.21377856260881292e-09
441569148         -3.20671009224592499e-09
441569149         -3.21184786917469631e-09
441569150         -3.20494370637971137e-09
441569151         -3.21014959508863662e-09
441569152         -3.20332565567480083e-09
441569153         -3.20229838358991817e-09
441569154         -3.20148172679951335e-09
441569155         -3.20059328056364225e-09
441569156         -3.19383250102225616e-09
441569157         -3.19863964396497247e-09
441569158         -3.19189280008645887e-09
441569159         -3.19701993705224214e-09
441569160         -3.19017189711388179e-09
441569161         -3.18930020011727374e-09
441569162         -3.18829816496943137e-09
441569163         -3.18746992697442256e-09
441569164         -3.18660526001780051e-09
441569165         -3.18557864874909618e-09
441569166         -3.18472653899217794e-09
441569167         -3.17776123648770151e-09
441569168         -3.18305942637897687e-09
441569169         -3.17605081882556311e-09
441569170         -3.17513653039672607e-09
441569171         -3.17420911368969155e-09
441569172         -3.17330554124310404e-09
441569173         -3.17240483590850617e-09
441569174         -3.1714807452716364e-09
441569175         -3.17065745588314003e-09
441569176         -3.16367293071397817e-09
441569177         -3.16872245497829899e-09
441569178         -3.16182139549709487e-09
441569179         -3.16688696251357907e-09
441569180         -3.16006397747171986e-09
441569181         -3.15909920093677929e-09
441569182         -3.15813111722245422e-09
441569183         -3.1571991560500978e-09
441569184         -3.15048776404076974e-09
441569185         -3.15528136036084115e-09
441569186         -3.15443401235460654e-09
441569187         -3.14760673553333471e-09
441569188         -3.14678135844600435e-09
441569189         -3.1515400198287233e-09
441569190         -3.14476615911527899e-09
441569191         -3.14374447558845869e-09
441569192         -3.14304106536834521e-09
441569193         -3.13609182265126763e-09
441569194         -3.1409381272588602e-09
441569195         -3.14006463064629168e-09
441569196         -3.1332019687018585e-09
441569197         -3.13812762691393822e-09
441569198         -3.1313800157165859e-09
441569199         -3.13020632263479838e-09
441569200         -3.12952076425238895e-09
441569201         -3.12845552018621911e-09
441569202         -3.12753809848306651e-09
441569203         -3.12644579900625251e-09
441569204         -3.11967795260176416e-09
441569205         -3.12459011176674336e-09
441569206         -3.11781240419682155e-09
441569207         -3.12276969435620817e-09
441569208         -3.11581977756810425e-09
441569209         -3.11492327724501124e-09
441569210         -3.11378794714920311e-09
441569211         -3.11286553273751036e-09
441569212         -3.11204506213050804e-09
441569213         -3.10531673285968073e-09
441569214         -3.10989871590239361e-09
441569215         -3.10322772686285535e-09
441569216         -3.108067338244921e-09
441569217         -3.10127417615043129e-09
441569218         -3.10009328305846715e-09
441569219         -3.09944761681574531e-09
441569220         -3.09824461443803482e-09
441569221         -3.0974187012264415e-09
441569222         -3.09622970253753749e-09
441569223         -3.09532138965480823e-09
441569224         -3.08865316437076414e-09
441569225         -3.09330870588750841e-09
441569226         -3.08653955898941946e-09
441569227         -3.08542285748277587e-09
441569228         -3.08464558572092406e-09
441569229         -3.08351032379188569e-09
441569230         -3.08263076444981212e-09
441569231         -3.08149500328154648e-09
441569232         -3.08066111630152536e-09
441569233         -3.07975692198471902e-09
441569234         -3.07259411557844313e-09
441569235         -3.07167594355808721e-09
441569236         -3.07671977014069071e-09
441569237         -3.0696992048287632e-09
441569238         -3.068712577634178e-09
441569239         -3.06774783938312817e-09
441569240         -3.06672735826835037e-09
441569241         -3.065646559017362e-09
441569242         -3.05872726232638182e-09
441569243         -3.06374833634390837e-09
441569244         -3.06284366330629831e-09
441569245         -3.05556352492060186e-09
441569246         -3.0549593525073062e-09
441569247         -3.05366768816595086e-09
441569248         -3.05875264010931459e-09
441569249         -3.05163133610410413e-09
441569250         -3.04493804341231978e-09
441569251         -3.04964108929402029e-09
441569252         -3.04879262903198786e-09
441569253         -3.04185990680456148e-09
441569254         -3.04659916156767206e-09
441569255         -3.03980738110828097e-09
441569256         -3.03882108592423395e-09
441569257         -3.04365847517802306e-09
441569258         -3.03653660077157142e-09
441569259         -3.03576731181782862e-09
441569260         -3.03467783133557715e-09
441569261         -3.02771537583537522e-09
441569262         -3.03255247740227209e-09
441569263         -3.02575604379743838e-09
441569264         -3.03057003950392033e-09
441569265         -3.02355249903763733e-09
441569266         -3.02848950688936357e-09
441569267         -3.02173975667307887e-09
441569268         -3.02039652834899721e-09
441569269         -3.01953215568537663e-09
441569270         -3.01255769493668341e-09
441569271         -3.0173204375554054e-09
441569272         -3.01650956790466993e-09
441569273         -3.00936854113678442e-09
441569274         -3.0144007884952727e-09
441569275         -3.00732857646983559e-09
441569276         -3.00620730829853613e-09
441569277         -3.01117305898983467e-09
441569278         -3.00422962808864356e-09
441569279         -3.00315897369872525e-09
441569280         -2.99627440994958048e-09
441569281         -3.00109149856034104e-09
441569282         -2.99996554343376933e-09
441569283         -2.99308979845569804e-09
441569284         -2.99787929841606594e-09
441569285         -2.99097908581956838e-09
441569286         -2.9899918796221919e-09
441569287         -2.98881381109980896e-09
441569288         -2.98783220877996912e-09
441569289         -2.98671020191246389e-09
441569290         -2.98580397944475844e-09
441569291         -2.98467364566479203e-09
441569292         -2.97752308758466796e-09
441569293         -2.98247684192786582e-09
441569294         -2.97557105342242609e-09
441569295         -2.9802954662056328e-09
441569296         -2.97354098967750721e-09
441569297         -2.9722245142458721e-09
441569298         -2.97133503373656279e-09
441569299         -2.97011613104310743e-09
441569300         -2.96928916190570354e-09
441569301         -2.96782581738943543e-09
441569302         -2.96120153612400857e-09
441569303         -2.96592726588404724e-09
441569304         -2.95884945803783582e-09
441569305         -2.96387409091774597e-09
441569306         -2.95678452116676149e-09
441569307         -2.95555064601320451e-09
441569308         -2.9547187074727599e-09
441569309         -2.95347706811060409e-09
441569310         -2.95241791479270393e-09
441569311         -2.94537611694545992e-09
441569312         -2.95034300428824998e-09
441569313         -2.94931768827063433e-09
441569314         -2.94217654718123317e-09
441569315         -2.94108018362151823e-09
441569316         -2.94590558438064137e-09
441569317         -2.93891660363731558e-09
441569318         -2.93789224100284495e-09
441569319         -2.93667037601656906e-09
441569320         -2.93572568484385835e-09
441569321         -2.92863736415153032e-09
441569322         -2.93346774794874088e-09
441569323         -2.93239154392169252e-09
441569324         -2.92534075903799373e-09
441569325         -2.92434688824324223e-09
441569326         -2.92902685776455126e-09
441569327         -2.92201701051881587e-09
441569328         -2.92086393387765988e-09
441569329         -2.91986631058081239e-09
441569330         -2.91887543616868522e-09
441569331         -2.91166297593668234e-09
441569332         -2.91657582400205435e-09
441569333         -2.91537902466890981e-09
441569334         -2.90829330829845573e-09
441569335         -2.9132734405189746e-09
441569336         -2.9062945444244322e-09
441569337         -2.90488501048404271e-09
441569338         -2.90408115820706365e-09
441569339         -2.90274025890648229e-09
441569340         -2.90169611154398954e-09
441569341         -2.90071320579265504e-09
441569342         -2.89358746835905299e-09
441569343         -2.8983917513678181e-09
441569344         -2.89131151325748928e-09
441569345         -2.89608079993047137e-09
441569346         -2.88900864095913151e-09
441569347         -2.88802855423641291e-09
441569348         -2.89272468115135112e-09
441569349         -2.88587038302467413e-09
441569350         -2.87851480123097679e-09
441569351         -2.88347632395084063e-09
441569352         -2.8821993271567709e-09
441569353         -2.88147912901350886e-09
441569354         -2.8740205457052904e-09
441569355         -2.87888425562931727e-09
441569356         -2.87183368045937253e-09
441569357         -2.87078463823309245e-09
441569358         -2.86956938018854153e-09
441569359         -2.86843857569742744e-09
441569360         -2.86723533581125833e-09
441569361         -2.86624314026381411e-09
441569362         -2.86504347831164709e-09
441569363         -2.86400087849646754e-09
441569364         -2.85679682662645931e-09
441569365         -2.86155009528866372e-09
441569366         -2.85463102111444316e-09
441569367         -2.85339249179100354e-09
441569368         -2.85234061487016371e-09
441569369         -2.85688855431480941e-09
441569370         -2.84996451309978736e-09
441569371         -2.84289265134870549e-09
441569372         -2.84759181556485145e-09
441569373         -2.84653213447263988e-09
441569374         -2.84529420070148669e-09
441569375         -2.83821820348783558e-09
441569376         -2.84309402015299292e-09
441569377         -2.83596275980425442e-09
441569378         -2.83468336300284187e-09
441569379         -2.83374351083588741e-09
441569380         -2.83238942709313649e-09
441569381         -2.8312605958979892e-09
441569382         -2.83028169487008226e-09
441569383         -2.82881074465426599e-09
441569384         -2.82187988486603932e-09
441569385         -2.82672561509197776e-09
441569386         -2.81945533108834075e-09
441569387         -2.82438275830393524e-09
441569388         -2.81713001684956958e-09
441569389         -2.81604382671694872e-09
441569390         -2.81497018005058357e-09
441569391         -2.81362969840247336e-09
441569392         -2.81253614733081752e-09
441569393         -2.81136480205382823e-09
441569394         -2.81012355746252457e-09
441569395         -2.8029199734532294e-09
441569396         -2.80792069913184807e-09
441569397         -2.80063678591727961e-09
441569398         -2.80542804359004436e-09
441569399         -2.79838716546526632e-09
441569400         -2.79710848652806837e-09
