0                 2.49627341020186577e-09
10                2.49627429838028547e-09
20                -2.49627252202344607e-09
30                2.49627341020186577e-09
40                8.32090840674482024e-10
50                -3.3283642508763478e-09
60                1.66418168134896405e-09
70                1.66418256952738375e-09
80                8.32090840674482024e-10
90                8.32091728852901724e-10
100               -4.16045597972924952e-09
110               3.3283642508763478e-09
120               1.66418345770580345e-09
130               -3.3283651390547675e-09
140               1.66418256952738375e-09
150               8.32092617031321424e-10
160               8.32091728852901724e-10
170               -3.3283642508763478e-09
180               3.3283651390547675e-09
190               2.49627341020186577e-09
200               -1.66418168134896405e-09
210               -2.49627429838028547e-09
220               1.66418256952738375e-09
230               2.49627429838028547e-09
240               -3.3283651390547675e-09
250               2.49627341020186577e-09
260               1.66418256952738375e-09
270               8.88178419700125232e-16
280               -1.66418168134896405e-09
290               -3.3283660272331872e-09
300               8.32090840674482024e-10
310               3.3283660272331872e-09
320               8.32090840674482024e-10
330               1.66418256952738375e-09
340               -2.49627518655870517e-09
350               8.32091728852901724e-10
360               -2.49627429838028547e-09
370               3.3283642508763478e-09
380               -1.66418256952738375e-09
390               -1.66418256952738375e-09
400               0                  
410               8.32091728852901724e-10
420               8.88178419700125232e-16
430               -8.32090840674482024e-10
440               -4.99254682040373154e-09
450               0                  
460               -1.66418168134896405e-09
470               -4.16045509155082982e-09
480               0                  
490               8.88178419700125232e-16
500               8.32090840674482024e-10
510               8.88178419700125232e-16
520               2.49627341020186577e-09
530               1.66418168134896405e-09
540               -1.66418256952738375e-09
550               8.32090840674482024e-10
560               -4.16045597972924952e-09
570               8.32090840674482024e-10
580               8.32091728852901724e-10
590               8.32091728852901724e-10
600               2.49627341020186577e-09
610               5.82463854925663327e-09
620               -4.16045597972924952e-09
630               0                  
640               0                  
650               -2.49627429838028547e-09
660               -2.49627341020186577e-09
670               -2.49627429838028547e-09
680               2.49627341020186577e-09
690               -4.16045597972924952e-09
700               4.16045509155082982e-09
710               -4.16045597972924952e-09
720               1.66418256952738375e-09
730               -8.32091728852901724e-10
740               3.3283651390547675e-09
750               -2.49627341020186577e-09
760               -4.16045597972924952e-09
770               1.66418168134896405e-09
780               2.49627341020186577e-09
790               2.49627429838028547e-09
800               -1.66418168134896405e-09
810               -4.16045686790766922e-09
820               3.3283651390547675e-09
830               -1.66418256952738375e-09
840               8.32090840674482024e-10
850               -1.66418256952738375e-09
860               2.49627341020186577e-09
870               2.49627341020186577e-09
880               1.66418256952738375e-09
890               -8.32091728852901724e-10
900               -1.66418256952738375e-09
910               8.32091728852901724e-10
920               1.66418256952738375e-09
930               1.66418256952738375e-09
940               -8.32090840674482024e-10
950               -8.32091728852901724e-10
960               -1.66418256952738375e-09
970               0                  
980               -2.49627341020186577e-09
990               -3.3283651390547675e-09
1000              -8.88178419700125232e-16
1010              -8.32091728852901724e-10
1020              -1.66418168134896405e-09
1030              1.66418256952738375e-09
1040              -8.32090840674482024e-10
1050              1.66418345770580345e-09
1060              -1.66418256952738375e-09
1070              8.32090840674482024e-10
1080              -2.49627341020186577e-09
1090              -2.49627341020186577e-09
1100              -8.32090840674482024e-10
1110              8.32091284763691874e-10
1120              1.6641830136165936e-09
1130              -1.6641830136165936e-09
1140              4.44089209850062616e-16
1150              1.6641830136165936e-09
1160              1.66418256952738375e-09
1170              -2.49627341020186577e-09
1180              -2.49627385429107562e-09
1190              1.6641821254381739e-09
1200              -8.32091284763691874e-10
1210              1.6641821254381739e-09
1220              3.32836469496555765e-09
1230              -8.32090840674482024e-10
1240              -1.6641830136165936e-09
1250              8.32090840674482024e-10
1260              -4.16045642381845937e-09
1270              -1.6641821254381739e-09
1280              3.32836469496555765e-09
1290              -4.16045642381845937e-09
1300              -1.6641830136165936e-09
1310              0                  
1320              2.49627385429107562e-09
1330              2.49627341020186577e-09
1340              3.32836469496555765e-09
1350              -3.32836469496555765e-09
1360              -2.49627385429107562e-09
1370              4.99254726449294139e-09
1380              -3.32836469496555765e-09
1390              1.6641821254381739e-09
1400              4.44089209850062616e-16
1410              4.44089209850062616e-16
1420              0                  
1430              3.32836469496555765e-09
1440              -8.32090840674482024e-10
1450              8.32090840674482024e-10
1460              -2.49627341020186577e-09
1470              2.49627341020186577e-09
1480              8.32091284763691874e-10
1490              -2.49627341020186577e-09
1500              1.6641821254381739e-09
1510              0                  
1520              -1.66418256952738375e-09
1530              -2.49627385429107562e-09
1540              2.49627385429107562e-09
1550              0                  
1560              -4.44089209850062616e-16
1570              8.32091284763691874e-10
1580              -3.32836469496555765e-09
1590              8.32090840674482024e-10
1600              8.32091284763691874e-10
1610              2.49627341020186577e-09
1620              8.32091284763691874e-10
1630              2.49627385429107562e-09
1640              3.32836469496555765e-09
1650              -8.32091284763691874e-10
1660              -8.32090840674482024e-10
1670              -2.49627341020186577e-09
1680              -4.16045642381845937e-09
1690              3.32836469496555765e-09
1700              2.49627341020186577e-09
1710              0                  
1720              -1.6641821254381739e-09
1730              -3.3283651390547675e-09
1740              4.44089209850062616e-16
1750              3.32836469496555765e-09
1760              0                  
1770              8.32091284763691874e-10
1780              1.66418256952738375e-09
1790              -4.16045597972924952e-09
1800              -1.66418256952738375e-09
1810              -2.49627341020186577e-09
1820              -2.49627341020186577e-09
1830              1.66418256952738375e-09
1840              -2.49627341020186577e-09
1850              -2.49627385429107562e-09
1860              8.32090840674482024e-10
1870              -3.3283651390547675e-09
1880              -4.44089209850062616e-16
1890              3.32836469496555765e-09
1900              8.32091284763691874e-10
1910              1.66418256952738375e-09
1920              -2.49627385429107562e-09
1930              0                  
1940              -4.16045597972924952e-09
1950              -4.44089209850062616e-16
1960              1.66418256952738375e-09
1970              -1.66418256952738375e-09
1980              1.6641821254381739e-09
1990              0                  
2000              -8.32090840674482024e-10
2010              -1.66418256952738375e-09
2020              1.6641821254381739e-09
2030              1.66418256952738375e-09
2040              4.16045553564003967e-09
2050              1.6641821254381739e-09
2060              -3.3283651390547675e-09
2070              -1.66418256952738375e-09
2080              4.16045597972924952e-09
2090              -4.16045642381845937e-09
2100              8.32091284763691874e-10
2110              4.44089209850062616e-16
2120              -8.32091284763691874e-10
2130              -4.44089209850062616e-16
2140              2.49627385429107562e-09
2150              -3.32836469496555765e-09
2160              -8.32090840674482024e-10
2170              2.49627341020186577e-09
2180              3.3283651390547675e-09
2190              -1.66418256952738375e-09
2200              4.99254726449294139e-09
2210              8.32091284763691874e-10
2220              -2.49627341020186577e-09
2230              0                  
2240              -1.6641821254381739e-09
2250              0                  
2260              -8.32091284763691874e-10
2270              -1.66418256952738375e-09
2280              -3.3283651390547675e-09
2290              -2.49627385429107562e-09
2300              -4.99254682040373154e-09
2310              4.16045597972924952e-09
2320              8.32091284763691874e-10
2330              4.99254770858215124e-09
2340              -1.6641821254381739e-09
2350              -4.99254682040373154e-09
2360              1.6641821254381739e-09
2370              -8.32091284763691874e-10
2380              -4.99254726449294139e-09
2390              4.16045597972924952e-09
2400              2.49627341020186577e-09
2410              -1.66418256952738375e-09
2420              8.32090840674482024e-10
2430              2.49627429838028547e-09
2440              4.44089209850062616e-16
2450              4.44089209850062616e-16
2460              -3.3283651390547675e-09
2470              1.66418256952738375e-09
2480              -2.49627385429107562e-09
2490              1.6641821254381739e-09
2500              0                  
2510              1.66418256952738375e-09
2520              -4.16045597972924952e-09
2530              3.3283642508763478e-09
2540              2.49627341020186577e-09
2550              2.49627341020186577e-09
2560              -8.32090840674482024e-10
2570              0                  
2580              -4.16045597972924952e-09
2590              1.66418256952738375e-09
2600              -8.32091728852901724e-10
2610              -1.66418256952738375e-09
2620              3.3283642508763478e-09
2630              8.32091728852901724e-10
2640              3.3283651390547675e-09
2650              -3.3283651390547675e-09
2660              0                  
2670              -1.66418256952738375e-09
2680              3.3283642508763478e-09
2690              8.32091728852901724e-10
2700              0                  
2710              0                  
2720              -2.49627341020186577e-09
2730              0                  
2740              -8.32091728852901724e-10
2750              0                  
2760              0                  
2770              -2.49627341020186577e-09
2780              3.3283651390547675e-09
2790              -3.3283642508763478e-09
2800              -3.3283642508763478e-09
2810              0                  
2820              -8.32091728852901724e-10
2830              -8.32090840674482024e-10
2840              8.32090840674482024e-10
2850              8.32090840674482024e-10
2860              0                  
2870              0                  
2880              1.66418256952738375e-09
2890              1.66418168134896405e-09
2900              3.3283651390547675e-09
2910              -3.3283642508763478e-09
2920              3.3283642508763478e-09
2930              -3.3283651390547675e-09
2940              8.32090840674482024e-10
2950              2.49627429838028547e-09
2960              3.3283642508763478e-09
2970              -4.99254770858215124e-09
2980              4.16045597972924952e-09
2990              -2.49627341020186577e-09
3000              -1.66418256952738375e-09
3010              3.3283642508763478e-09
3020              8.32090840674482024e-10
3030              4.16045597972924952e-09
3040              0                  
3050              -2.49627341020186577e-09
3060              2.49627341020186577e-09
3070              -1.66418256952738375e-09
3080              1.66418168134896405e-09
3090              -8.32090840674482024e-10
3100              8.88178419700125232e-16
3110              8.32091728852901724e-10
3120              -8.32091728852901724e-10
3130              -1.66418256952738375e-09
3140              1.66418168134896405e-09
3150              -2.49627341020186577e-09
3160              -1.66418256952738375e-09
3170              2.49627341020186577e-09
3180              -1.66418256952738375e-09
3190              8.32089952496062324e-10
3200              -8.32090840674482024e-10
3210              8.32090840674482024e-10
3220              1.66418256952738375e-09
3230              8.32091728852901724e-10
3240              -4.16045686790766922e-09
3250              0                  
3260              3.3283642508763478e-09
3270              -2.49627429838028547e-09
3280              -2.49627429838028547e-09
3290              3.3283651390547675e-09
3300              -4.16045686790766922e-09
3310              3.3283651390547675e-09
3320              0                  
3330              -3.3283651390547675e-09
3340              -3.3283660272331872e-09
3350              -8.32089952496062324e-10
3360              2.49627429838028547e-09
3370              -3.3283642508763478e-09
3380              -1.66418168134896405e-09
3390              1.66418256952738375e-09
3400              2.49627429838028547e-09
3410              -3.3283651390547675e-09
3420              -8.32090840674482024e-10
3430              -8.32091728852901724e-10
3440              -3.3283642508763478e-09
3450              -1.66418256952738375e-09
3460              -1.66418256952738375e-09
3470              4.16045597972924952e-09
3480              8.32090840674482024e-10
3490              1.66418256952738375e-09
3500              -1.66418256952738375e-09
3510              -8.32090840674482024e-10
3520              3.3283651390547675e-09
3530              0                  
3540              -2.49627429838028547e-09
3550              0                  
3560              4.16045686790766922e-09
3570              -2.49627429838028547e-09
3580              2.49627429838028547e-09
3590              -1.66418256952738375e-09
3600              -2.49627429838028547e-09
3610              2.49627429838028547e-09
3620              -2.49627341020186577e-09
3630              8.32090840674482024e-10
3640              1.66418168134896405e-09
3650              8.88178419700125232e-16
3660              -8.32091728852901724e-10
3670              -2.49627252202344607e-09
3680              -8.32090840674482024e-10
3690              0                  
3700              1.66418168134896405e-09
3710              -8.32090840674482024e-10
3720              -8.32089952496062324e-10
3730              1.66418256952738375e-09
3740              8.32090840674482024e-10
3750              1.66418345770580345e-09
3760              2.49627341020186577e-09
3770              -2.49627252202344607e-09
3780              -8.32091728852901724e-10
3790              2.49627429838028547e-09
3800              -4.16045686790766922e-09
3810              -8.88178419700125232e-16
3820              3.3283651390547675e-09
3830              -8.32090840674482024e-10
3840              8.32090840674482024e-10
3850              -2.49627429838028547e-09
3860              8.32090840674482024e-10
3870              8.32090840674482024e-10
3880              -1.66418256952738375e-09
3890              2.49627252202344607e-09
3900              0                  
3910              8.32090840674482024e-10
3920              -2.49627429838028547e-09
3930              -1.66418345770580345e-09
3940              -2.49627341020186577e-09
3950              8.32090840674482024e-10
3960              -8.32091728852901724e-10
3970              3.3283642508763478e-09
3980              -1.66418256952738375e-09
3990              -3.3283642508763478e-09
4000              2.49627429838028547e-09
4010              8.32090840674482024e-10
4020              8.32090840674482024e-10
4030              -8.32090840674482024e-10
4040              8.88178419700125232e-16
4050              -8.32091728852901724e-10
4060              -2.49627429838028547e-09
4070              -1.66418168134896405e-09
4080              -8.32090840674482024e-10
4090              8.32091728852901724e-10
4100              8.32091728852901724e-10
4110              2.49627252202344607e-09
4120              8.32091728852901724e-10
4130              -8.32091728852901724e-10
4140              -2.49627341020186577e-09
4150              3.3283651390547675e-09
4160              8.32091728852901724e-10
4170              8.32090840674482024e-10
4180              2.49627429838028547e-09
4190              -3.3283642508763478e-09
4200              -8.32091728852901724e-10
4210              0                  
4220              1.66418256952738375e-09
4230              -1.66418168134896405e-09
4240              8.32090840674482024e-10
4250              8.32091728852901724e-10
4260              -8.32090840674482024e-10
4270              -2.49627429838028547e-09
4280              -1.66418168134896405e-09
4290              2.49627341020186577e-09
4300              2.49627341020186577e-09
4310              1.66418168134896405e-09
4320              -1.66418168134896405e-09
4330              1.66418168134896405e-09
4340              -8.32091728852901724e-10
4350              4.16045597972924952e-09
4360              1.66418168134896405e-09
4370              -8.32090840674482024e-10
4380              0                  
4390              -3.3283660272331872e-09
4400              0                  
4410              -2.49627341020186577e-09
4420              1.66418256952738375e-09
4430              1.66418256952738375e-09
4440              -2.49627341020186577e-09
4450              -8.32090840674482024e-10
4460              8.32090840674482024e-10
4470              4.16045597972924952e-09
4480              -8.88178419700125232e-16
4490              1.66418168134896405e-09
4500              -1.66418256952738375e-09
4510              1.66418345770580345e-09
4520              3.3283651390547675e-09
4530              -1.66418256952738375e-09
4540              -8.32090840674482024e-10
4550              -2.49627341020186577e-09
4560              -8.32091728852901724e-10
4570              3.3283642508763478e-09
4580              1.66418256952738375e-09
4590              -8.32090840674482024e-10
4600              3.3283642508763478e-09
4610              -8.32091728852901724e-10
4620              -3.3283651390547675e-09
4630              -2.49627341020186577e-09
4640              2.49627429838028547e-09
4650              2.49627341020186577e-09
4660              0                  
4670              3.3283651390547675e-09
4680              3.3283642508763478e-09
4690              0                  
4700              2.49627341020186577e-09
4710              1.66418256952738375e-09
4720              3.3283642508763478e-09
4730              -2.49627341020186577e-09
4740              -8.32091284763691874e-10
4750              8.32090840674482024e-10
4760              -8.32090840674482024e-10
4770              -1.66418256952738375e-09
4780              1.66418256952738375e-09
4790              -8.32091284763691874e-10
4800              -4.99254770858215124e-09
4810              8.32090840674482024e-10
4820              2.49627341020186577e-09
4830              -8.32091284763691874e-10
4840              -8.32090840674482024e-10
4850              -2.49627385429107562e-09
4860              -3.3283651390547675e-09
4870              1.6641830136165936e-09
4880              -8.32090840674482024e-10
4890              8.32090840674482024e-10
4900              3.3283651390547675e-09
4910              -3.32836469496555765e-09
4920              -1.6641821254381739e-09
4930              -2.49627341020186577e-09
4940              8.32090840674482024e-10
4950              1.6641830136165936e-09
4960              8.32091284763691874e-10
4970              4.16045642381845937e-09
4980              -2.49627341020186577e-09
4990              -4.44089209850062616e-16
5000              2.49627385429107562e-09
5010              -2.49627341020186577e-09
5020              -1.6641821254381739e-09
5030              -8.32090840674482024e-10
5040              -2.49627385429107562e-09
5050              4.44089209850062616e-16
5060              1.66418256952738375e-09
5070              -2.49627385429107562e-09
5080              2.49627385429107562e-09
5090              -3.32836469496555765e-09
5100              -8.32091728852901724e-10
5110              -8.32091284763691874e-10
5120              1.66418256952738375e-09
5130              3.3283651390547675e-09
5140              -4.16045642381845937e-09
5150              -3.32836469496555765e-09
5160              8.32091284763691874e-10
5170              2.49627341020186577e-09
5180              -3.3283651390547675e-09
5190              8.32091284763691874e-10
5200              3.32836469496555765e-09
5210              8.32091284763691874e-10
5220              -1.6641821254381739e-09
5230              0                  
5240              8.32091284763691874e-10
5250              8.32091284763691874e-10
5260              1.66418256952738375e-09
5270              8.32090840674482024e-10
5280              1.66418256952738375e-09
5290              4.44089209850062616e-16
5300              2.49627385429107562e-09
5310              0                  
5320              0                  
5330              1.6641821254381739e-09
5340              -2.49627385429107562e-09
5350              3.32836469496555765e-09
5360              0                  
5370              1.66418256952738375e-09
5380              -8.32091284763691874e-10
5390              -1.66418256952738375e-09
5400              -1.6641821254381739e-09
5410              -2.49627385429107562e-09
5420              2.49627341020186577e-09
5430              -8.32091284763691874e-10
5440              -1.66418256952738375e-09
5450              -2.49627385429107562e-09
5460              8.32090840674482024e-10
5470              8.32090840674482024e-10
5480              2.49627341020186577e-09
5490              8.32091284763691874e-10
5500              -2.49627341020186577e-09
5510              2.49627385429107562e-09
5520              4.44089209850062616e-16
5530              3.32836469496555765e-09
5540              8.32090840674482024e-10
5550              -2.49627341020186577e-09
5560              8.32090840674482024e-10
5570              3.3283651390547675e-09
5580              1.66418256952738375e-09
5590              -3.32836469496555765e-09
5600              2.49627385429107562e-09
5610              -2.49627341020186577e-09
5620              4.44089209850062616e-16
5630              -3.32836469496555765e-09
5640              4.16045597972924952e-09
5650              2.49627341020186577e-09
5660              -2.49627385429107562e-09
5670              -1.66418256952738375e-09
5680              4.44089209850062616e-16
5690              8.32091728852901724e-10
5700              8.32091284763691874e-10
5710              3.3283651390547675e-09
5720              -1.66418256952738375e-09
5730              0                  
5740              1.66418256952738375e-09
5750              4.44089209850062616e-16
5760              0                  
5770              4.16045642381845937e-09
5780              -1.66418256952738375e-09
5790              3.3283651390547675e-09
5800              -2.49627341020186577e-09
5810              -1.66418256952738375e-09
5820              2.49627385429107562e-09
5830              2.49627385429107562e-09
5840              -4.44089209850062616e-16
5850              2.49627385429107562e-09
5860              3.32836469496555765e-09
5870              0                  
5880              -8.32091284763691874e-10
5890              3.3283651390547675e-09
5900              -1.66418256952738375e-09
5910              4.16045642381845937e-09
5920              -1.66418256952738375e-09
5930              -1.6641821254381739e-09
5940              1.66418256952738375e-09
5950              -4.16045553564003967e-09
5960              3.3283651390547675e-09
5970              -3.3283642508763478e-09
5980              1.66418256952738375e-09
5990              0                  
6000              2.49627385429107562e-09
6010              -4.44089209850062616e-16
6020              1.6641830136165936e-09
6030              -8.32090840674482024e-10
6040              -8.32091728852901724e-10
6050              8.32091284763691874e-10
6060              3.3283651390547675e-09
6070              1.66418256952738375e-09
6080              -3.3283642508763478e-09
6090              1.66418256952738375e-09
6100              -4.16045597972924952e-09
6110              -2.49627341020186577e-09
6120              -8.32091728852901724e-10
6130              -2.49627341020186577e-09
6140              -8.32090840674482024e-10
6150              8.32091728852901724e-10
6160              3.3283651390547675e-09
6170              -3.3283651390547675e-09
6180              0                  
6190              2.49627341020186577e-09
6200              -8.32090840674482024e-10
6210              1.66418256952738375e-09
6220              -8.32091728852901724e-10
6230              3.3283642508763478e-09
6240              -8.32091728852901724e-10
6250              3.3283642508763478e-09
6260              1.66418256952738375e-09
6270              -4.16045686790766922e-09
6280              -8.32091728852901724e-10
6290              8.32091728852901724e-10
6300              -8.32090840674482024e-10
6310              0                  
6320              0                  
6330              -2.49627429838028547e-09
6340              -8.32091728852901724e-10
6350              -2.49627429838028547e-09
6360              2.49627429838028547e-09
6370              0                  
6380              2.49627252202344607e-09
6390              0                  
6400              0                  
6410              0                  
6420              -1.66418256952738375e-09
6430              -3.3283642508763478e-09
6440              5.82463854925663327e-09
6450              1.66418256952738375e-09
6460              3.3283651390547675e-09
6470              -3.3283642508763478e-09
6480              8.32090840674482024e-10
6490              -8.32090840674482024e-10
6500              1.66418256952738375e-09
6510              8.32090840674482024e-10
6520              -2.49627341020186577e-09
6530              -1.66418345770580345e-09
6540              3.3283642508763478e-09
6550              -4.16045597972924952e-09
6560              3.3283660272331872e-09
6570              -1.66418345770580345e-09
6580              -8.88178419700125232e-16
6590              -2.49627341020186577e-09
6600              -1.66418256952738375e-09
6610              2.49627341020186577e-09
6620              -4.16045597972924952e-09
6630              -1.66418168134896405e-09
6640              3.3283651390547675e-09
6650              -2.49627429838028547e-09
6660              4.16045597972924952e-09
6670              -1.66418256952738375e-09
6680              1.66418168134896405e-09
6690              -3.3283651390547675e-09
6700              -3.3283651390547675e-09
6710              -8.32091728852901724e-10
6720              -3.3283660272331872e-09
6730              4.16045686790766922e-09
6740              -3.3283651390547675e-09
6750              2.49627518655870517e-09
6760              -2.49627429838028547e-09
6770              -2.49627341020186577e-09
6780              4.16045597972924952e-09
6790              -1.66418168134896405e-09
6800              -2.49627429838028547e-09
6810              -2.49627341020186577e-09
6820              1.66418256952738375e-09
6830              8.32091728852901724e-10
6840              -3.3283651390547675e-09
6850              1.66418256952738375e-09
6860              2.49627341020186577e-09
6870              4.16045597972924952e-09
6880              -8.88178419700125232e-16
6890              -1.66418168134896405e-09
6900              -2.49627429838028547e-09
6910              -2.49627341020186577e-09
6920              8.32091728852901724e-10
6930              -3.3283651390547675e-09
6940              8.32091728852901724e-10
6950              8.32091728852901724e-10
6960              -2.49627341020186577e-09
6970              8.32091728852901724e-10
6980              8.32091728852901724e-10
6990              -1.66418168134896405e-09
7000              8.32090840674482024e-10
7010              -3.3283642508763478e-09
7020              -8.32090840674482024e-10
7030              0                  
7040              2.49627341020186577e-09
7050              2.49627429838028547e-09
7060              1.66418168134896405e-09
7070              4.16045597972924952e-09
7080              1.66418256952738375e-09
7090              2.49627341020186577e-09
7100              -2.49627252202344607e-09
7110              8.32091728852901724e-10
7120              8.32090840674482024e-10
7130              8.32091728852901724e-10
7140              -4.16045686790766922e-09
7150              1.66418256952738375e-09
7160              -1.66418168134896405e-09
7170              0                  
7180              0                  
7190              4.16045597972924952e-09
