441568800         -16106.1557968598313
441568801         -16106.2888186240536
441568802         -16106.4235449105058
441568803         -16106.5602093537618
441568804         -16106.6940118192538
441568805         -16106.8280343063072
441568806         -16106.9648022450695
441568807         -16107.097966496593
441568808         -16107.2347262475777
441568809         -16107.3679473142899
441568810         -16107.5030198339003
441568811         -16107.6397886213956
441568812         -16107.7732002536399
441568813         -16107.910147790972
441568814         -16108.0435262227764
441568815         -16108.1805262484228
441568816         -16108.3140330053358
441568817         -16108.4510627366389
441568818         -16108.5854731113372
441568819         -16108.7199406673443
441568820         -16108.8572226554228
441568821         -16108.9907915362665
441568822         -16109.1272761146835
441568823         -16109.263564585841
441568824         -16109.3973623250548
441568825         -16109.5346249420497
441568826         -16109.6685532530184
441568827         -16109.8058945026338
441568828         -16109.9398580443449
441568829         -16110.0772680413373
441568830         -16110.2112916766766
441568831         -16110.3488274692202
441568832         -16110.4846316799272
441568833         -16110.6187482598562
441568834         -16110.7564022925627
441568835         -16110.8904748881495
441568836         -16111.0274559254743
441568837         -16111.1642444501735
441568838         -16111.2984635437412
441568839         -16111.4362867572353
441568840         -16111.5724561062131
441568841         -16111.7068081679584
441568842         -16111.844677029977
441568843         -16111.9783072026602
441568844         -16112.1171443359522
441568845         -16112.2534376165969
441568846         -16112.3896537291015
441568847         -16112.524299785318
441568848         -16112.6616267063226
441568849         -16112.7988386822455
441568850         -16112.9334885327979
441568851         -16113.0718235988873
441568852         -16113.2074137291644
441568853         -16113.3447990296892
441568854         -16113.479628229184
441568855         -16113.6180381834835
441568856         -16113.7538676398383
441568857         -16113.8913597642345
441568858         -16114.0262712076258
441568859         -16114.164151103174
441568860         -16114.3015778252  
441568861         -16114.438408370506
441568862         -16114.574595626087
441568863         -16114.7122356630191
441568864         -16114.8473687422287
441568865         -16114.9853413160975
441568866         -16115.1230896413814
441568867         -16115.2603104873968
441568868         -16115.3964543577414
441568869         -16115.5343032662124
441568870         -16115.6715373757619
441568871         -16115.806103351519
441568872         -16115.9459722113611
441568873         -16116.0823078620909
441568874         -16116.2205311616871
441568875         -16116.3569340620296
441568876         -16116.4951494567592
441568877         -16116.6325437105857
441568878         -16116.7691312519707
441568879         -16116.9074028960671
441568880         -16117.0441585698048
441568881         -16117.1824413805653
441568882         -16117.3192076385034
441568883         -16117.4575940446213
441568884         -16117.594487479382
441568885         -16117.7329520521495
441568886         -16117.8698856935581
441568887         -16118.0083347395034
441568888         -16118.1453954079582
441568889         -16118.283980267833
441568890         -16118.421106055747
441568891         -16118.558918185786
441568892         -16118.6976095200537
441568893         -16118.834847540432
441568894         -16118.9736635718905
441568895         -16119.1107944854865
441568896         -16119.2489386365655
441568897         -16119.387756565192
441568898         -16119.525148971776
441568899         -16119.6640997021618
441568900         -16119.8015621541849
441568901         -16119.9415036888744
441568902         -16120.0788193267221
441568903         -16120.2163018654273
441568904         -16120.3546943790948
441568905         -16120.4939707234183
441568906         -16120.6315479873885
441568907         -16120.7698288344138
441568908         -16120.9111324691528
441568909         -16121.0469092874168
441568910         -16121.1855190601028
441568911         -16121.3249582613206
441568912         -16121.4627657482906
441568913         -16121.6032210327434
441568914         -16121.7400828979631
441568915         -16121.8796653852896
441568916         -16122.0176830585027
441568917         -16122.1564814662691
441568918         -16122.2970508637124
441568919         -16122.4350230215355
441568920         -16122.5730631279279
441568921         -16122.7120110957709
441568922         -16122.8528754196275
441568923         -16122.9900923215305
441568924         -16123.1291283911923
441568925         -16123.2708445268346
441568926         -16123.4073436834899
441568927         -16123.5465442575865
441568928         -16123.6875096472432
441568929         -16123.8249030356947
441568930         -16123.9642464465709
441568931         -16124.1061763797322
441568932         -16124.2428953915306
441568933         -16124.3822970654342
441568934         -16124.5235023802743
441568935         -16124.6611333307702
441568936         -16124.8006324924816
441568937         -16124.9419323828102
441568938         -16125.0797419000827
441568939         -16125.2211061110629
441568940         -16125.3589560679689
441568941         -16125.5003769277196
441568942         -16125.6383919715243
441568943         -16125.7780079921272
441568944         -16125.9196717725897
441568945         -16126.0576347108421
441568946         -16126.1992767903655
441568947         -16126.3374196933077
441568948         -16126.4790579618533
441568949         -16126.6172532033335
441568950         -16126.7591024569298
441568951         -16126.8972529319021
441568952         -16127.039165940328
441568953         -16127.1774399142798
441568954         -16127.3193119838174
441568955         -16127.4577322394063
441568956         -16127.5998254455076
441568957         -16127.7381050610379
441568958         -16127.8802970197255
441568959         -16128.0205362932968
441568960         -16128.1592072080459
441568961         -16128.3012934911482
441568962         -16128.4391129768735
441568963         -16128.5822377431067
441568964         -16128.7227068901993
441568965         -16128.8614326896856
441568966         -16129.0037799165956
441568967         -16129.142658537956
441568968         -16129.2850122052521
441568969         -16129.4248815477071
441568970         -16129.5646656840207
441568971         -16129.7071542333042
441568972         -16129.8479607434626
441568973         -16129.9869320098598
441568974         -16130.1288736921493
441568975         -16130.2705179351099
441568976         -16130.409620239233
441568977         -16130.5524334372283
441568978         -16130.6925731760473
441568979         -16130.8344461109599
441568980         -16130.9737663564163
441568981         -16131.116661432188
441568982         -16131.2569480517499
441568983         -16131.3989301403891
441568984         -16131.5384207315609
441568985         -16131.6806573901891
441568986         -16131.8226945299837
441568987         -16131.9640556788682
441568988         -16132.1046088006072
441568989         -16132.2450431995703
441568990         -16132.3882329854117
441568991         -16132.5289134836751
441568992         -16132.6712520401946
441568993         -16132.8127500680854
441568994         -16132.9517574638836
441568995         -16133.095980490681
441568996         -16133.2376306581311
441568997         -16133.378484913684
441568998         -16133.5210361194366
441568999         -16133.6620132082958
441569000         -16133.8045767622822
441569001         -16133.9455653173585
441569002         -16134.0866107209073
441569003         -16134.2302294497744
441569004         -16134.3712883997683
441569005         -16134.5141673163284
441569006         -16134.6553696023565
441569007         -16134.7982065315935
441569008         -16134.9394714241652
441569009         -16135.0824490766699
441569010         -16135.2237969620203
441569011         -16135.3667138885076
441569012         -16135.5082549355146
441569013         -16135.6513319064278
441569014         -16135.7927795095904
441569015         -16135.935942252467
441569016         -16136.0775104755734
441569017         -16136.2199896388679
441569018         -16136.3631543954052
441569019         -16136.5049293099716
441569020         -16136.6482611504266
441569021         -16136.7899599619297
441569022         -16136.9334350385679
441569023         -16137.0752141801577
441569024         -16137.2178944432591
441569025         -16137.3631779536794
441569026         -16137.5033710295458
441569027         -16137.6461377302836
441569028         -16137.7897769785203
441569029         -16137.9317988577619
441569030         -16138.0747714677938
441569031         -16138.2184421357951
441569032         -16138.36063625792 
441569033         -16138.505350451525
441569034         -16138.6474613978111
441569035         -16138.7897639081388
441569036         -16138.9328538929588
441569037         -16139.076874521887
441569038         -16139.2191542162733
441569039         -16139.3641788797556
441569040         -16139.5057184622821
441569041         -16139.6498126147908
441569042         -16139.7922252107874
441569043         -16139.9375235324314
441569044         -16140.0791019736181
441569045         -16140.2233299430374
441569046         -16140.3660151820443
441569047         -16140.5113792222532
441569048         -16140.6530701788151
441569049         -16140.7966974282963
441569050         -16140.9403120799165
441569051         -16141.0866114073026
441569052         -16141.227613708526
441569053         -16141.3714790858736
441569054         -16141.5169632467716
441569055         -16141.6590109374829
441569056         -16141.8028249082348
441569057         -16141.949433973258
441569058         -16142.0906943725371
441569059         -16142.2346549744044
441569060         -16142.3804242430392
441569061         -16142.5226810549169
441569062         -16142.6685015637293
441569063         -16142.8108696095617
441569064         -16142.9550051502879
441569065         -16143.1009890818166
441569066         -16143.243403308712
441569067         -16143.3894438890112
441569068         -16143.5319745421105
441569069         -16143.6780247247425
441569070         -16143.8206580745407
441569071         -16143.9651022878272
441569072         -16144.1112947081329
441569073         -16144.2540185894563
441569074         -16144.400277094447
441569075         -16144.543082454143
441569076         -16144.6893807996614
441569077         -16144.8323170473069
441569078         -16144.9787069395018
441569079         -16145.1216858068598
441569080         -16145.2681517854762
441569081         -16145.4129151390306
441569082         -16145.5559998317504
441569083         -16145.7025825527655
441569084         -16145.8457400035419
441569085         -16145.9924768444934
441569086         -16146.1355730866394
441569087         -16146.2815609789223
441569088         -16146.4274213615461
441569089         -16146.5706917603852
441569090         -16146.7176904105194
441569091         -16146.8608988019205
441569092         -16147.0079465454368
441569093         -16147.1531127309945
441569094         -16147.2958821942751
441569095         -16147.443776740388
441569096         -16147.589014951762
441569097         -16147.7326392057149
441569098         -16147.8798563796463
441569099         -16148.024474267013
441569100         -16148.1689932853005
441569101         -16148.3162701368145
441569102         -16148.4618424660984
441569103         -16148.6048093679846
441569104         -16148.7531567547833
441569105         -16148.8987480557471
441569106         -16149.0444595439674
441569107         -16149.1875549706639
441569108         -16149.3359882958442
441569109         -16149.481802597256
441569110         -16149.6277439589977
441569111         -16149.7726777747603
441569112         -16149.9177138046087
441569113         -16150.0655115951542
441569114         -16150.2106670966605
441569115         -16150.3574958504087
441569116         -16150.5035481964778
441569117         -16150.6471122902352
441569118         -16150.7958796501163
441569119         -16150.9412881572801
441569120         -16151.0883280624972
441569121         -16151.2345638347556
441569122         -16151.3800213188089
441569123         -16151.5272585794224
441569124         -16151.6727979911776
441569125         -16151.8182414960983
441569126         -16151.9665244623944
441569127         -16152.1121437549071
441569128         -16152.2594884717812
441569129         -16152.4052873295799
441569130         -16152.5527003777853
441569131         -16152.6985663354203
441569132         -16152.8459902008116
441569133         -16152.9919343583798
441569134         -16153.1395126765441
441569135         -16153.2854576994871
441569136         -16153.4331216731219
441569137         -16153.5791939061713
441569138         -16153.7269139793964
441569139         -16153.8730434103965
441569140         -16154.0208927073887
441569141         -16154.1670140338202
441569142         -16154.3149928707741
441569143         -16154.4611541375844
441569144         -16154.6083048773524
441569145         -16154.7564089273936
441569146         -16154.9027425202963
441569147         -16155.0508306274697
441569148         -16155.1972109006901
441569149         -16155.3446047608719
441569150         -16155.4945420077298
441569151         -16155.6393328202947
441569152         -16155.7876694231911
441569153         -16155.9342573697391
441569154         -16156.0817535272159
441569155         -16156.2301931596476
441569156         -16156.3769560284127
441569157         -16156.5262730178307
441569158         -16156.6730709009944
441569159         -16156.8199357175761
441569160         -16156.9676461551849
441569161         -16157.1154728692212
441569162         -16157.2658418549316
441569163         -16157.4110885869197
441569164         -16157.5590155346649
441569165         -16157.7077701302666
441569166         -16157.8549172920424
441569167         -16158.0047072587537
441569168         -16158.1510001623956
441569169         -16158.2999004738124
441569170         -16158.4471362865872
441569171         -16158.5970815548046
441569172         -16158.7435138836519
441569173         -16158.8917344930317
441569174         -16159.0426649406161
441569175         -16159.1883368712196
441569176         -16159.3366680988067
441569177         -16159.4869219397335
441569178         -16159.6334913140053
441569179         -16159.7819220597028
441569180         -16159.9322927095955
441569181         -16160.0798036782961
441569182         -16160.2275966094288
441569183         -16160.3780035884244
441569184         -16160.5248355873283
441569185         -16160.6753401040571
441569186         -16160.8222761975731
441569187         -16160.9710296282471
441569188         -16161.1216901787222
441569189         -16161.2686677103811
441569190         -16161.4194232523903
441569191         -16161.5664565840867
441569192         -16161.7172512510252
441569193         -16161.8653093030636
441569194         -16162.0134663073902
441569195         -16162.1643400396368
441569196         -16162.311722766438
441569197         -16162.4625952838315
441569198         -16162.6100554616838
441569199         -16162.7610144167135
441569200         -16162.9085475356825
441569201         -16163.0587952690597
441569202         -16163.2089395235723
441569203         -16163.3565549363633
441569204         -16163.5077691436968
441569205         -16163.6554149943848
441569206         -16163.8066871984766
441569207         -16163.9544581457591
441569208         -16164.1058355761071
441569209         -16164.2554197666588
441569210         -16164.4032589287799
441569211         -16164.5547769159774
441569212         -16164.7027279278007
441569213         -16164.8534496869062
441569214         -16165.004000567758
441569215         -16165.1522246552792
441569216         -16165.3036988744783
441569217         -16165.4537265030849
441569218         -16165.6018288390182
441569219         -16165.7536863360768
441569220         -16165.902905554776
441569221         -16166.0519551932838
441569222         -16166.2038556428914
441569223         -16166.3540542828864
441569224         -16166.5024481669426
441569225         -16166.6535679152804
441569226         -16166.8047635170542
441569227         -16166.9549528709111
441569228         -16167.1035530303817
441569229         -16167.2549484006164
441569230         -16167.406203280569
441569231         -16167.5565328917226
441569232         -16167.7063408482462
441569233         -16167.8558812707996
441569234         -16168.0081699741721
441569235         -16168.1588772548903
441569236         -16168.3086558385937
441569237         -16168.4601883873876
441569238         -16168.6091187705813
441569239         -16168.7608823744661
441569240         -16168.9124258402969
441569241         -16169.0633309923081
441569242         -16169.2133949999431
441569243         -16169.3651379679656
441569244         -16169.5153139584375
441569245         -16169.6670550625757
441569246         -16169.8181294286581
441569247         -16169.966675901603
441569248         -16170.1203064519247
441569249         -16170.2706478787736
441569250         -16170.4226996857747
441569251         -16170.5738882813404
441569252         -16170.7244079088458
441569253         -16170.8765488993843
441569254         -16171.0269515681473
441569255         -16171.1792495243743
441569256         -16171.3298915192151
441569257         -16171.4821323773422
441569258         -16171.6327554837122
441569259         -16171.7852494639896
441569260         -16171.9359443465486
441569261         -16172.0883731241577
441569262         -16172.2392299316688
441569263         -16172.3917448140777
441569264         -16172.5426467542168
441569265         -16172.6953218641118
441569266         -16172.8462409952556
441569267         -16173.0007414803098
441569268         -16173.1500793552175
441569269         -16173.3019303286809
441569270         -16173.4547131943893
441569271         -16173.6059454081769
441569272         -16173.7588546186167
441569273         -16173.9100408177597
441569274         -16174.0622674970524
441569275         -16174.216948079931
441569276         -16174.366590184032
441569277         -16174.5196439952847
441569278         -16174.6711207273993
441569279         -16174.8234871314502
441569280         -16174.9766147658363
441569281         -16175.1299757186015
441569282         -16175.2806474357408
441569283         -16175.433195851426
441569284         -16175.5864444552342
441569285         -16175.7399769685679
441569286         -16175.8909181501291
441569287         -16176.0442189593406
441569288         -16176.1961516275203
441569289         -16176.3506467372653
441569290         -16176.5016485782767
441569291         -16176.6551826892255
441569292         -16176.8072790963162
441569293         -16176.9618691143861
441569294         -16177.1130510698638
441569295         -16177.2668148379904
441569296         -16177.4207093609319
441569297         -16177.5720407100678
441569298         -16177.7250933730347
441569299         -16177.8799513078368
441569300         -16178.031398583922
441569301         -16178.1870940851081
441569302         -16178.3377098857172
441569303         -16178.4910525491173
441569304         -16178.6460849401653
441569305         -16178.7977208346892
441569306         -16178.9528825327134
441569307         -16179.1044175112137
441569308         -16179.2587822821893
441569309         -16179.4132364863297
441569310         -16179.5650147683037
441569311         -16179.7203204014678
441569312         -16179.8722096511275
441569313         -16180.0276510316538
441569314         -16180.1795940344065
441569315         -16180.3350821784596
441569316         -16180.4870592303852
441569317         -16180.6426845197138
441569318         -16180.7948053902865
441569319         -16180.9504923875003
441569320         -16181.1025623507319
441569321         -16181.258358817867
441569322         -16181.4106297144873
441569323         -16181.5664482986072
441569324         -16181.7204916660268
441569325         -16181.8729449736852
441569326         -16182.0288173441817
441569327         -16182.1813236227674
441569328         -16182.3372827970204
441569329         -16182.4916195265218
441569330         -16182.644181605145
441569331         -16182.8003496010115
441569332         -16182.9530116304324
441569333         -16183.1091226613338
441569334         -16183.2629043027798
441569335         -16183.4164469676265
441569336         -16183.5727764557577
441569337         -16183.7274323754525
441569338         -16183.8802631196899
441569339         -16184.0367433827509
441569340         -16184.1915246653095
441569341         -16184.345451706376
441569342         -16184.4992330815529
441569343         -16184.6559342481919
441569344         -16184.8108387967443
441569345         -16184.9657299652699
441569346         -16185.1189371142933
441569347         -16185.2749183389638
441569348         -16185.4307503696778
441569349         -16185.5859026983548
441569350         -16185.739187714475
441569351         -16185.8953363392578
441569352         -16186.0514022042475
441569353         -16186.2066512884921
441569354         -16186.3619493163424
441569355         -16186.5163824020075
441569356         -16186.6708522161792
441569357         -16186.8280659177284
441569358         -16186.9825939450021
441569359         -16187.1389845751965
441569360         -16187.2945101799965
441569361         -16187.4500890053511
441569362         -16187.6048176498189
441569363         -16187.761388727316
441569364         -16187.9169798842626
441569365         -16188.0719763788953
441569366         -16188.2267317834168
441569367         -16188.3835225163551
441569368         -16188.5402076402754
441569369         -16188.6960143421326
441569370         -16188.8511846939055
441569371         -16189.0080009221189
441569372         -16189.1631659485081
441569373         -16189.3200398406433
441569374         -16189.4760834222301
441569375         -16189.631458285384
441569376         -16189.7884703046624
441569377         -16189.9438056934086
441569378         -16190.1008806520671
441569379         -16190.2563813773396
441569380         -16190.4135121526774
441569381         -16190.5708196974748
441569382         -16190.7263714798647
441569383         -16190.8818888469615
441569384         -16191.03925450501 
441569385         -16191.1949803941675
441569386         -16191.3523364665251
441569387         -16191.508135230232
441569388         -16191.665658503   
441569389         -16191.8214667691887
441569390         -16191.9808843808367
441569391         -16192.1350177306012
441569392         -16192.2917750134723
441569393         -16192.449569381561
441569394         -16192.6055698108969
441569395         -16192.7633165001585
441569396         -16192.9213019996013
441569397         -16193.0764661938992
441569398         -16193.2343762393099
441569399         -16193.3907052947537
441569400         -16193.550386912305
