0                 -1.68603196293304336e-07
10                -1.68292345392728748e-07
20                -1.6872734409645318e-07
30                -1.69189913634681943e-07
40                -1.67453080734958348e-07
50                -1.68198710959188702e-07
60                -1.69242691860915784e-07
70                -1.66478690388771611e-07
80                -1.66906841236880155e-07
90                -1.65874772584118091e-07
100               -1.67852934218615246e-07
110               -1.64524660561937708e-07
120               -1.66244137567161943e-07
130               -1.64952026260323237e-07
140               -1.64631217991484391e-07
150               -1.63305869271823667e-07
160               -1.62011906112979887e-07
170               -1.62214716326047892e-07
180               -1.60622724898473734e-07
190               -1.59542036470838866e-07
200               -1.5937124508980105e-07
210               -1.5895691429790304e-07
220               -1.56289729602576699e-07
230               -1.53713114237064019e-07
240               -1.57713050619179285e-07
250               -1.52582813051083122e-07
260               -1.52111815587829824e-07
270               -1.49746304245468309e-07
280               -1.50502554419063017e-07
290               -1.49263366999718983e-07
300               -1.47290005969580307e-07
310               -1.4322103147890175e-07
320               -1.43873260860516439e-07
330               -1.42844933215258152e-07
340               -1.40606124965358958e-07
350               -1.39176687063979898e-07
360               -1.36892553292966568e-07
370               -1.35485579200178563e-07
380               -1.34295616405211149e-07
390               -1.33067536545183884e-07
400               -1.29042643237653465e-07
410               -1.28205812188753043e-07
420               -1.26514248854903144e-07
430               -1.23476660007781902e-07
440               -1.24810716428669366e-07
450               -1.19231854611712151e-07
460               -1.17639618046894157e-07
470               -1.17503907937077656e-07
480               -1.11570384930814726e-07
490               -1.12756016079629262e-07
500               -1.09723067964750953e-07
510               -1.06460805504582368e-07
520               -1.05506449799008806e-07
530               -1.02489348563494787e-07
540               -1.01465244206622174e-07
550               -9.72970228829694861e-08
560               -9.70121130094980799e-08
570               -9.15004587653811541e-08
580               -9.0309681510802875e-08
590               -9.0181662137922558e-08
600               -8.43140108841566871e-08
610               -8.03955506611941928e-08
620               -8.30075705948729592e-08
630               -7.67189725081607321e-08
640               -7.53493987204478799e-08
650               -7.32393097280237271e-08
660               -7.05523310884359489e-08
670               -6.67373329932274828e-08
680               -6.44100364155519856e-08
690               -6.26943377213251551e-08
700               -5.73582754626045244e-08
710               -5.7608687598076358e-08
720               -5.2873383005191954e-08
730               -5.09686834959666157e-08
740               -4.69571821426484348e-08
750               -4.49563746229841854e-08
760               -4.38218625831154895e-08
770               -3.82657523445573133e-08
780               -3.70581432207472972e-08
790               -3.34042464800177186e-08
800               -3.06834095908925519e-08
810               -2.87089925166128523e-08
820               -2.37900641408828051e-08
830               -2.17988631590060322e-08
840               -2.01873806560115554e-08
850               -1.64190092633020868e-08
860               -1.2086089462570726e-08
870               -1.02812327540391379e-08
880               -8.78780337387752297e-09
890               -3.30866001263530052e-09
900               -1.64217084375195554e-09
910               1.04017061630656826e-09
920               5.02005015334816562e-09
930               7.62232232887072314e-09
940               9.33987909235156621e-09
950               1.35933726497228236e-08
960               1.58836170882636907e-08
970               2.05331565084065915e-08
980               2.08689741043599497e-08
990               2.43177940006944482e-08
1000              2.91505992677798531e-08
1010              3.01967553184567805e-08
1020              3.34992522610377819e-08
1030              3.74228772415108324e-08
1040              3.84174247969326643e-08
1050              4.30939204321134639e-08
1060              4.4150094247186189e-08
1070              4.83294240183340662e-08
1080              5.0731179257468284e-08
1090              5.28304973101967335e-08
1100              5.59932997745704597e-08
1110              5.96382676576467929e-08
1120              6.24242373348238289e-08
1130              6.31913952275908741e-08
1140              6.83847640736701123e-08
1150              7.0267473617491305e-08
1160              7.25801241330259472e-08
1170              7.55656301976159739e-08
1180              7.54164943828072865e-08
1190              8.24625518980326433e-08
1200              8.33878357475725807e-08
1210              8.41364062864613516e-08
1220              8.89409297322174552e-08
1230              9.14332782819826662e-08
1240              9.22438880834874908e-08
1250              9.59445314308027264e-08
1260              9.67949036478898961e-08
1270              1.01053668100092864e-07
1280              1.03001098761268395e-07
1290              1.0408875539269502e-07
1300              1.08224519124178187e-07
1310              1.08605114235160727e-07
1320              1.12322863010660967e-07
1330              1.14202673096031049e-07
1340              1.16910098491018744e-07
1350              1.16332986799250193e-07
1360              1.20213309973138394e-07
1370              1.24084325925366556e-07
1380              1.2336808508095487e-07
1390              1.25691223651358541e-07
1400              1.2834108886750073e-07
1410              1.31492403188104845e-07
1420              1.31389960245087423e-07
1430              1.34229042103584106e-07
1440              1.34986847033502499e-07
1450              1.37795374222093869e-07
1460              1.38880372091421123e-07
1470              1.40406659188130334e-07
1480              1.42953124004918664e-07
1490              1.43425912924044496e-07
1500              1.45285170560782717e-07
1510              1.46393639877118176e-07
1520              1.48881993400351575e-07
1530              1.48926621701406248e-07
1540              1.50911817708987428e-07
1550              1.53132793556665092e-07
1560              1.52918461449047527e-07
1570              1.55853944860950833e-07
1580              1.53852771411777667e-07
1590              1.5752258830659116e-07
1600              1.5779004325366941e-07
1610              1.59725131787524788e-07
1620              1.58620962587008307e-07
1630              1.62244344625861459e-07
1640              1.61848736635050727e-07
1650              1.62606271114640322e-07
1660              1.61989906377613124e-07
1670              1.6438159766707372e-07
1680              1.63792354346270486e-07
1690              1.6724687190716736e-07
1700              1.66674948065548278e-07
1710              1.64401267266356399e-07
1720              1.67652345783864121e-07
1730              1.66562379444457065e-07
1740              1.67618303237304644e-07
1750              1.68972502212483278e-07
1760              1.66294268133526657e-07
1770              1.68871862271657847e-07
1780              1.69941834826659033e-07
1790              1.67539848217046483e-07
1800              1.69122243320884991e-07
1810              1.6900270694009123e-07
1820              1.68406276923604992e-07
1830              1.68196628180794505e-07
1840              1.68389083565756437e-07
1850              1.68666486999313747e-07
1860              1.68320593463278101e-07
1870              1.66582954541638628e-07
1880              1.67682661533774535e-07
1890              1.67554238039713255e-07
1900              1.65731170564953345e-07
1910              1.6612463671350497e-07
1920              1.65379515859598314e-07
1930              1.64988520623410295e-07
1940              1.6184481799186301e-07
1950              1.65152115094713281e-07
1960              1.61177516666555221e-07
1970              1.62056062347204488e-07
1980              1.62865539277134985e-07
1990              1.5907778738721845e-07
2000              1.60192510811896227e-07
2010              1.57037250758662594e-07
2020              1.5752549042957753e-07
2030              1.54416123443468223e-07
2040              1.55761349152072626e-07
2050              1.5248830598224572e-07
2060              1.52221631299909177e-07
2070              1.50547630362041218e-07
2080              1.52268592845672401e-07
2090              1.46382009180712203e-07
2100              1.47415124995831093e-07
2110              1.4452394125896717e-07
2120              1.44291640413740652e-07
2130              1.43722810541646595e-07
2140              1.40398793924134679e-07
2150              1.38686244266494896e-07
2160              1.35892191277520169e-07
2170              1.37200197869447038e-07
2180              1.34263368423148677e-07
2190              1.30479456572629715e-07
2200              1.32088203486091516e-07
2210              1.26614532192093066e-07
2220              1.26799365229857131e-07
2230              1.25209650203572664e-07
2240              1.21780844075658479e-07
2250              1.21142373021854155e-07
2260              1.17263732057892867e-07
2270              1.16275844508351156e-07
2280              1.13556358982691563e-07
2290              1.12610635039089857e-07
2300              1.07725672826575192e-07
2310              1.09670701409214644e-07
2320              1.03199760737027191e-07
2330              1.04724284355484087e-07
2340              9.99664369061292746e-08
2350              9.57546291147082229e-08
2360              9.74483556070993018e-08
2370              9.31047536845142076e-08
2380              8.89140077120487149e-08
2390              8.90166358402666447e-08
2400              8.59160635968692077e-08
2410              8.27921686763488651e-08
2420              8.16760574728903066e-08
2430              7.71457209225445695e-08
2440              7.52548481308679129e-08
2450              7.33883487313846672e-08
2460              6.98941318155732461e-08
2470              6.66862205456197898e-08
2480              6.46462803288727628e-08
2490              6.16554780563660643e-08
2500              6.06108394585191945e-08
2510              5.56902755022292695e-08
2520              5.25171603982244051e-08
2530              5.14142701746322928e-08
2540              4.85983191467198594e-08
2550              4.44464589577364677e-08
2560              4.29877449192872518e-08
2570              3.8435608473719185e-08
2580              3.53477194181550658e-08
2590              3.41831931649494436e-08
2600              3.05311544934738777e-08
2610              2.80340444192006544e-08
2620              2.59304497873813489e-08
2630              2.2032176083541799e-08
2640              1.95366043342914963e-08
2650              1.60980020424972281e-08
2660              1.26663435295881754e-08
2670              1.13769029752575079e-08
2680              7.55870743773812137e-09
2690              3.40096040218895723e-09
2700              9.24170073801633407e-10
2710              -6.94797108735656366e-10
2720              -4.18772927446298127e-09
2730              -8.7284162120226938e-09
2740              -9.82971393170828378e-09
2750              -1.28356454354161542e-08
2760              -1.66516276323136481e-08
2770              -1.92160527490159438e-08
2780              -2.133125587278073e-08
2790              -2.54453960124578771e-08
2800              -2.8477647795455141e-08
2810              -2.94183353233279377e-08
2820              -3.41656196667372569e-08
2830              -3.75705351274291388e-08
2840              -3.83901763711946842e-08
2850              -4.13417247102643159e-08
2860              -4.53922215370994309e-08
2870              -4.90479967751866752e-08
2880              -5.01646564288193986e-08
2890              -5.44216760545168654e-08
2900              -5.41961719946471021e-08
2910              -6.02363554591534012e-08
2920              -6.13582749053875887e-08
2930              -6.61541559310308003e-08
2940              -6.70176198980243498e-08
2950              -7.05199942885315068e-08
2960              -7.02553544229544968e-08
2970              -7.79313333865161439e-08
2980              -7.63773986278692973e-08
2990              -8.1844317989521187e-08
3000              -8.19500600712785854e-08
3010              -8.49469046215745038e-08
3020              -8.99748551219659021e-08
3030              -8.92049261125293924e-08
3040              -9.2977242793779169e-08
3050              -9.6669686477923733e-08
3060              -9.61093409301838619e-08
3070              -1.01097876736844228e-07
3080              -1.03303855247816045e-07
3090              -1.03744830504126639e-07
3100              -1.0956704965536801e-07
3110              -1.08044127422601832e-07
3120              -1.1311333736330198e-07
3130              -1.12694936049706484e-07
3140              -1.17013589928660622e-07
3150              -1.17919515041364775e-07
3160              -1.20379451296059869e-07
3170              -1.22762970455880804e-07
3180              -1.23946829688748039e-07
3190              -1.25455715149769276e-07
3200              -1.28509548780186833e-07
3210              -1.31704865680148941e-07
3220              -1.31762844191030126e-07
3230              -1.33138783553476969e-07
3240              -1.36542274375983652e-07
3250              -1.35530683564866195e-07
3260              -1.38724786324928573e-07
3270              -1.42036792105670884e-07
3280              -1.43420135323424347e-07
3290              -1.42078343756679715e-07
3300              -1.46484868679408464e-07
3310              -1.4653967461697448e-07
3320              -1.47514290560479822e-07
3330              -1.50460031989041454e-07
3340              -1.51845836349195906e-07
3350              -1.52022192168033143e-07
3360              -1.52162454192250607e-07
3370              -1.55984682947973852e-07
3380              -1.55153761838278115e-07
3390              -1.57184818938560511e-07
3400              -1.57445033899250575e-07
3410              -1.59922478815133218e-07
3420              -1.59259343490703031e-07
3430              -1.61343001181535328e-07
3440              -1.6252535761651643e-07
3450              -1.62352538524146439e-07
3460              -1.63244396667039382e-07
3470              -1.63028222921468569e-07
3480              -1.66244366717194225e-07
3490              -1.652969512377922e-07
3500              -1.64883794617765034e-07
3510              -1.66750522723191352e-07
3520              -1.66656604960735422e-07
3530              -1.67224023961409785e-07
3540              -1.67946971885157836e-07
3550              -1.67741608159133193e-07
3560              -1.67198221490139076e-07
3570              -1.68560043256604786e-07
3580              -1.69001506122867795e-07
3590              -1.68618518259222583e-07
3600              -1.68823104829129989e-07
3610              -1.69331568322661496e-07
3620              -1.68651754783866181e-07
3630              -1.68859832783141428e-07
3640              -1.6802799596149498e-07
3650              -1.6781053968628612e-07
3660              -1.67158507480280605e-07
3670              -1.68928298904802432e-07
3680              -1.66284053193521686e-07
3690              -1.66536441525977352e-07
3700              -1.66153586889095095e-07
3710              -1.6546379288939761e-07
3720              -1.65998365275754622e-07
3730              -1.6502733668488645e-07
3740              -1.65213520197937669e-07
3750              -1.63268880193356836e-07
3760              -1.61421900735092549e-07
3770              -1.61507486495793273e-07
3780              -1.62277356885454083e-07
3790              -1.58938082250870139e-07
3800              -1.60609146426793359e-07
3810              -1.58227414281952861e-07
3820              -1.56031149778357303e-07
3830              -1.54302690624774641e-07
3840              -1.55815467195452584e-07
3850              -1.53644765354954416e-07
3860              -1.51237544265825363e-07
3870              -1.50849778890460584e-07
3880              -1.5051223023476723e-07
3890              -1.48954261369738106e-07
3900              -1.46306432746712289e-07
3910              -1.43420614051592565e-07
3920              -1.44350353004085719e-07
3930              -1.42443220774168822e-07
3940              -1.42095682775789101e-07
3950              -1.38453714271236095e-07
3960              -1.37974152103481629e-07
3970              -1.33885365904973241e-07
3980              -1.33683163205944311e-07
3990              -1.3363693174284208e-07
4000              -1.30026768907498536e-07
4010              -1.27894525192573383e-07
4020              -1.26433126190761413e-07
4030              -1.23412879915463236e-07
4040              -1.2366364554594611e-07
4050              -1.19192088199326918e-07
4060              -1.17550860601056684e-07
4070              -1.18706264373713566e-07
4080              -1.12094347137770001e-07
4090              -1.12333649049389805e-07
4100              -1.08974473000955641e-07
4110              -1.06912644071144314e-07
4120              -1.05449878162744426e-07
4130              -1.03655072081210164e-07
4140              -9.98886600100945543e-08
4150              -9.66496953580531226e-08
4160              -9.6970324214851189e-08
4170              -9.19232965301830518e-08
4180              -9.04243409038940626e-08
4190              -9.0264792085292811e-08
4200              -8.40444309702093051e-08
4210              -8.30313098276747041e-08
4220              -8.12567044761181023e-08
4230              -7.68861312394619745e-08
4240              -7.4885003975566633e-08
4250              -7.32362073208037145e-08
4260              -6.99360294120765502e-08
4270              -6.72730395834264527e-08
4280              -6.40599937540287101e-08
4290              -6.22881888290294228e-08
4300              -5.89420503516180361e-08
4310              -5.5304528068234049e-08
4320              -5.36940341078206984e-08
4330              -5.06985893267142274e-08
4340              -4.93017928704375663e-08
4350              -4.40789253985940377e-08
4360              -4.34916165303889102e-08
4370              -3.85541456537907834e-08
4380              -3.60119951636761471e-08
4390              -3.45430493098319857e-08
4400              -3.05258218702419981e-08
4410              -2.92615016661557092e-08
4420              -2.34006538590847413e-08
4430              -2.09877200063601776e-08
4440              -1.99881551310454597e-08
4450              -1.58873625366595661e-08
4460              -1.49606229626897402e-08
4470              -8.34520363923729747e-09
4480              -6.8347816295499797e-09
4490              -5.83133541454117221e-09
4500              -1.18470211418753024e-09
4510              1.41473055492724598e-09
4520              5.04288610869707554e-09
4530              7.32291027816245332e-09
4540              9.04697294856759981e-09
4550              1.31045281293040716e-08
4560              1.69637592861704434e-08
4570              2.02607504107277236e-08
4580              2.0792602306585195e-08
4590              2.46357059197066519e-08
4600              2.78834590972110163e-08
4610              3.15139887518967043e-08
4620              3.35795924399917567e-08
4630              3.61103058565959145e-08
4640              3.92284720263091913e-08
4650              4.24083426153742948e-08
4660              4.45328272036249473e-08
4670              4.85545017525623734e-08
4680              5.16159914809577458e-08
4690              5.22533927238555407e-08
4700              5.55610144559182118e-08
4710              5.97045959338515786e-08
4720              6.29338576807469963e-08
4730              6.36921009267155114e-08
4740              6.720809464511035e-08
4750              6.95344342105386204e-08
4760              7.23901965038464823e-08
4770              7.56750120345373034e-08
4780              7.69167867176179243e-08
4790              8.28030866095730289e-08
4800              8.13835026036713316e-08
4810              8.49758348131501862e-08
4820              8.92248315231825018e-08
4830              9.16721161203781776e-08
4840              9.18819402784265549e-08
4850              9.58730610456370869e-08
4860              9.77051466399814217e-08
4870              1.00125859603394929e-07
4880              1.02243024269199623e-07
4890              1.05361017688210268e-07
4900              1.07433924867450514e-07
4910              1.09036284001717831e-07
4920              1.13007263990994034e-07
4930              1.13265386847416494e-07
4940              1.15748790996406115e-07
4950              1.17972290158974147e-07
4960              1.20170442929889987e-07
4970              1.24533275691618428e-07
4980              1.21508976214101949e-07
4990              1.28746573846427736e-07
5000              1.27779553160678461e-07
5010              1.29674192272943856e-07
5020              1.32432260713244432e-07
5030              1.33207119556999487e-07
5040              1.35426125424942256e-07
5050              1.36711809872736012e-07
5060              1.39279645594569956e-07
5070              1.40484609278956896e-07
5080              1.44434074034194282e-07
5090              1.43258909623966701e-07
5100              1.43981798483849843e-07
5110              1.47212536827368012e-07
5120              1.47860062860161179e-07
5130              1.51536827530662777e-07
5140              1.49612371380669629e-07
5150              1.51513054991170293e-07
5160              1.53232469823905149e-07
5170              1.56538622064772426e-07
5180              1.54534550933504988e-07
5190              1.55702672532953557e-07
5200              1.58842686115434617e-07
5210              1.60268524673767843e-07
5220              1.59010837386119874e-07
5230              1.60761060463698868e-07
5240              1.63029417965532275e-07
5250              1.62277850268566226e-07
5260              1.62256926561354931e-07
5270              1.6448280293346329e-07
5280              1.65102280735851537e-07
5290              1.64963394055916979e-07
5300              1.6730107565976482e-07
5310              1.65782236827283214e-07
5320              1.66471125773171025e-07
5330              1.66666645817770132e-07
5340              1.67544526696872254e-07
5350              1.68607499073658573e-07
5360              1.66879395635533001e-07
5370              1.6884611397927074e-07
5380              1.6993731177805671e-07
5390              1.67887748148132232e-07
5400              1.68190309235427549e-07
5410              1.69020836437994149e-07
5420              1.67978027043602651e-07
5430              1.68955621049349247e-07
5440              1.69173387298826583e-07
5450              1.67181176902175821e-07
5460              1.6779220457507904e-07
5470              1.67435656006631461e-07
5480              1.67534697226301432e-07
5490              1.67038371579053546e-07
5500              1.66825673719728229e-07
5510              1.65491111481230746e-07
5520              1.66006099533433371e-07
5530              1.65366017323975711e-07
5540              1.62616146326399758e-07
5550              1.64111879197292865e-07
5560              1.61584449376306338e-07
5570              1.62638899681155635e-07
5580              1.61141775034678858e-07
5590              1.58832345054094048e-07
5600              1.60649856972838734e-07
5610              1.57010639600940749e-07
5620              1.57069404593812578e-07
5630              1.54814043806794643e-07
5640              1.56184675415005358e-07
5650              1.53311539907718952e-07
5660              1.5084828097755576e-07
5670              1.51381235102832079e-07
5680              1.50888499472756621e-07
5690              1.48666585264578544e-07
5700              1.45395828710093156e-07
5710              1.46324984129364566e-07
5720              1.42494527288761219e-07
5730              1.43641140759598329e-07
5740              1.40923546165794278e-07
5750              1.38925613679674598e-07
5760              1.36818605334099175e-07
5770              1.36640368797458223e-07
5780              1.32705292532619978e-07
5790              1.32718779966012335e-07
5800              1.30568378775564042e-07
5810              1.27203486410820688e-07
5820              1.27136818406370367e-07
5830              1.23841715105044159e-07
5840              1.22301964555759923e-07
5850              1.20527487990074178e-07
5860              1.18331009879568683e-07
5870              1.16850867648565782e-07
5880              1.12278114805519635e-07
5890              1.13905451293305759e-07
5900              1.07643082003505697e-07
5910              1.09178407647902986e-07
5920              1.0483685475293214e-07
5930              1.01765760263106131e-07
5940              1.01367755522829839e-07
5950              9.70105231701268167e-08
5960              9.63847344159773911e-08
5970              9.23573426625523553e-08
5980              8.92542200148227494e-08
5990              9.09985913288835491e-08
6000              8.48671439790393833e-08
6010              8.29419590786528715e-08
6020              8.03303059626614413e-08
6030              7.71517272291077916e-08
6040              7.58328253525064611e-08
6050              7.26124289585072802e-08
6060              7.05021121483184743e-08
6070              6.77441587271232493e-08
6080              6.31986192267675051e-08
6090              6.35285903882731873e-08
6100              5.79333820915906017e-08
6110              5.60036719221557178e-08
6120              5.29685468819707239e-08
6130              5.12261246754519561e-08
6140              4.82251554245749503e-08
6150              4.47320465113421051e-08
6160              4.26586757029667751e-08
6170              3.82521641029143211e-08
6180              3.72627377842604801e-08
6190              3.38447829761889807e-08
6200              2.97561886242192486e-08
6210              2.98083353555966823e-08
6220              2.44169706675734233e-08
6230              2.25351834970410891e-08
6240              1.93580955709649061e-08
6250              1.61821738231537893e-08
6260              1.34349296132540985e-08
6270              9.39726696458365041e-09
6280              7.19021020501031671e-09
6290              5.14340392498979782e-09
6300              5.84091885968973656e-10
6310              -1.1879190964236841e-09
6320              -3.43851169759545883e-09
6330              -8.37153102395404858e-09
6340              -1.03684474339615917e-08
6350              -1.44723655282064101e-08
6360              -1.42929481583564666e-08
6370              -2.0775930309469004e-08
6380              -2.0268414502311316e-08
6390              -2.48897809029813288e-08
6400              -3.04084037949792219e-08
6410              -2.88337123066639833e-08
6420              -3.40545476262832381e-08
6430              -3.80887517081873739e-08
6440              -3.6852933149589262e-08
6450              -4.30330944212187205e-08
6460              -4.44185355163995155e-08
6470              -4.91310734318517461e-08
6480              -5.04866575212759017e-08
6490              -5.4607484756274971e-08
6500              -5.4302706331554873e-08
6510              -5.82450629948993992e-08
6520              -6.31484926572056793e-08
6530              -6.46885967015009555e-08
6540              -6.64603048150524955e-08
6550              -7.20775119589234237e-08
6560              -6.96669424371521018e-08
6570              -7.71040946645484837e-08
6580              -7.8379256862604052e-08
6590              -8.09040328064725145e-08
6600              -8.17479568482326613e-08
6610              -8.61178683919661125e-08
6620              -8.92602596280767102e-08
6630              -9.02535139957194588e-08
6640              -9.30150472200352851e-08
6650              -9.56361398962712883e-08
6660              -9.66401145774398174e-08
6670              -1.01018651221806977e-07
6680              -1.02269417823208641e-07
6690              -1.0571752628862896e-07
6700              -1.07821127137697204e-07
6710              -1.08446131186212824e-07
6720              -1.13301521942332784e-07
6730              -1.12045944966610023e-07
6740              -1.1662396648404183e-07
6750              -1.18922931058307313e-07
6760              -1.20599734643178635e-07
6770              -1.22520099843370645e-07
6780              -1.23542029051293412e-07
6790              -1.25984918497579201e-07
6800              -1.29348569188891815e-07
6810              -1.30490881211642318e-07
6820              -1.31864817731752737e-07
6830              -1.32821970311169935e-07
6840              -1.3643888241432478e-07
6850              -1.36957701180051572e-07
6860              -1.39505670126993664e-07
6870              -1.39812240007586297e-07
6880              -1.43951579545387176e-07
6890              -1.42588975293733711e-07
6900              -1.46459931293918544e-07
6910              -1.46877763285147012e-07
6920              -1.4718268825930636e-07
6930              -1.49807096505583104e-07
6940              -1.51753289046041573e-07
6950              -1.51393570568814084e-07
6960              -1.53732861996047632e-07
6970              -1.55489128239594265e-07
6980              -1.54626553339198836e-07
6990              -1.58289209295503497e-07
7000              -1.56467487855138643e-07
7010              -1.60241335755983982e-07
7020              -1.58851231724099762e-07
7030              -1.61924108788014109e-07
7040              -1.62051399854590272e-07
7050              -1.62496889721808202e-07
7060              -1.64395413726481365e-07
7070              -1.61783344942989515e-07
7080              -1.65386209616258384e-07
7090              -1.65463915458019528e-07
7100              -1.67058482603010816e-07
7110              -1.65595726464573545e-07
7120              -1.67150457031084443e-07
7130              -1.66347922991860742e-07
7140              -1.68825700974650772e-07
7150              -1.6798922697347507e-07
7160              -1.67234804671068105e-07
7170              -1.68279748358202141e-07
7180              -1.70265960441895459e-07
7190              -1.66101527199202792e-07
