0                 15235.7228418983961
10                15235.7210143797699
20                15234.1243363596904
30                15230.9332958713096
40                15226.148866604479 
50                15219.7725075987077
60                15211.8061628104753
70                15202.252260514126 
80                15191.113712547162 
90                15178.3939134440363
100               15164.0967393793972
110               15148.2265470073207
120               15130.7881721008415
130               15111.7869281140994
140               15091.2286045314705
150               15069.119465120175 
160               15045.4662460114754
170               15020.2761536495717
180               14993.5568625998727
190               14965.3165131991704
200               14935.5637090818333
210               14904.3075145570545
220               14871.5574518454764
230               14837.3234981718649
240               14801.6160827246471
250               14764.4460835039504
260               14725.8248239549609
270               14685.7640695671671
280               14644.2760242572589
290               14601.3733266721466
300               14557.0690463214009
310               14511.3766796040167
320               14464.3101456854021
330               14415.883782277843 
340               14366.1123412520543
350               14315.0109841480476
360               14262.5952775611857
370               14208.8811883926055
380               14153.8850789906374
390               14097.623702163251 
400               14040.1141960773351
410               13981.3740790265088
420               13921.4212441132258
430               13860.2739537844322
440               13797.9508342657076
450               13734.4708699105337
460               13669.8533973781522
470               13604.1180997789712
480               13537.285000670194 
490               13469.374457931629 
500               13400.4071576090455
510               13330.4041075736393
520               13259.3866311398929
530               13187.3763605760959
540               13114.3952305000371
550               13040.4654712156179
560               12965.6096019204916
570               12889.8504238754265
580               12813.2110134247252
590               12735.7147149991686
600               12657.3851339966444
610               12578.2461295745721
620               12498.3218074007247
630               12417.6365123283295
640               12336.21482093221  
650               12254.0815340723863
660               12171.2616693153886
670               12087.7804533214543
680               12003.6633141576695
690               11918.9358735603526
700               11833.6239391317028
710               11747.7534964632247
720               11661.350701254992 
730               11574.4418713117624
740               11487.0534785590621
750               11399.2121409594197
760               11310.9446144202787
770               11222.2777846444966
780               11133.2386589242609
790               11043.8543579458225
800               10954.1521075043638
810               10864.159230226355 
820               10773.9031372486416
830               10683.4113198575924
840               10592.711341134903 
850               10501.830827555139 
860               10410.797460568301 
870               10319.6389681724047
880               10228.383116476076 
890               10137.0577012395116
900               10045.6905393954694
910               9954.30946060271032
920               9862.94229875367553
930               9771.61688349963725
940               9680.36103178167422
950               9589.202539359151  
960               9498.16917233403677
970               9407.28865871183609
980               9316.58867993755705
990               9226.09686249075773
1000              9135.84076944897337
1010              9045.84789209940467
1020              8956.1456415813936 
1030              8866.7613405197461 
1040              8777.72221470964449
1050              8689.05538483733983
1060              8600.78785819668374
1070              8512.9465204921978 
1080              8425.55812762550102
1090              8338.64929756494656
1100              8252.24650223273227
1110              8166.37605944110462
1120              8081.06412487848817
1130              7996.33668414470833
1140              7912.21954484446058
1150              7828.73832870574242
1160              7745.91846380229663
1170              7663.78517679436068
1180              7582.36348524513636
1190              7501.6781900196364 
1200              7421.7538676935163 
1210              7342.61486311085039
1220              7264.28528194856466
1230              7186.78898336574289
1240              7110.14957275444792
1250              7034.3903945471251 
1260              6959.53452509223723
1270              6885.60476564805649
1280              6812.62363541390037
1290              6740.61336469034189
1300              6669.59588810349072
1310              6599.5928379108193 
1320              6530.62553743679517
1330              6462.71499455178205
1340              6395.88189529322853
1350              6330.14659755009566
1360              6265.52912488041919
1370              6202.04916038795021
1380              6139.72604073858723
1390              6078.57875028248368
1400              6018.62591524854753
1410              5959.88579808372466
1420              5902.37629188298018
1430              5846.11491495241444
1440              5791.11880545142757
1450              5737.4047161921494 
1460              5684.98900951875   
1470              5633.88765233652676
1480              5584.11621124001026
1490              5535.68984776838012
1500              5488.62331379651168
1510              5442.93094702836999
1520              5398.62666663851591
1530              5355.72396902095211
1540              5314.23592369107376
1550              5274.17516928913439
1560              5235.55390973432026
1570              5198.38391051528767
1580              5162.67649508304752
1590              5128.44254143273455
1600              5095.69247875027973
1610              5064.43628426793751
1620              5034.68348019969383
1630              5006.44313086139842
1640              4979.72383987909873
1650              4954.53374759707578
1660              4930.88052857491375
1670              4908.77138926263709
1680              4888.2130657865158 
1690              4869.21182191876282
1700              4851.77344713959358
1710              4835.90325489732328
1720              4821.60608098246056
1730              4808.88628203077548
1740              4797.74773422773342
1750              4788.19383210113076
1760              4780.2274874909659 
1770              4773.8511286765756 
1780              4769.0666996052864 
1790              4765.8756593191038 
1800              4764.27898151287174
1810              4764.27715421308548
1820              4765.87017964725322
1830              4769.05757423391105
1840              4773.83836872740675
1850              4780.21110851162807
1860              4788.17385404101104
1870              4797.72418142966056
1880              4808.85918319274369
1890              4821.57546911685706
1900              4835.86916730263716
1910              4851.73592534300156
1920              4869.1709116353567 
1930              4888.16881686355245
1940              4908.72385560381807
1950              4930.82976810210913
1960              4954.4798221438165 
1970              4979.66681515146826
1980              5006.38307633402139
1990              5034.62046903918364
2000              5064.37039324386255
2010              5095.6237881394729 
2020              5128.37113492609902
2030              5162.60245967821701
2040              5198.30733641178293
2050              5235.47489022620929
2060              5274.09380064937177
2070              5314.15230505583997
2080              5355.63820226983239
2090              5398.53885625554105
2100              5442.8412000063258 
2110              5488.53173947301705
2120              5535.59655771605096
2130              5584.02131911668309
2140              5633.7912737529562 
2150              5684.89126189798536
2160              5737.30571862308661
2170              5791.01867855317834
2180              5846.01378070788797
2190              5902.27427350990906
2200              5959.7830198782317 
2210              6018.52250242621636
2220              6078.47482884106365
2230              6139.62173728824685
2240              6201.94460200150072
2250              6265.4244389535232 
2260              6330.04191162319967
2270              6395.77733690844322
2280              6462.6106910989454 
2290              6530.52161599454305
2300              6599.48942508932022
2310              6669.49310989882985
2320              6740.51134631727077
2330              6812.52250117103808
2340              6885.50463874647889
2350              6959.43552752400654
2360              7034.29264692802464
2370              7110.05319417170945
2380              7186.69409123908736
2390              7264.19199189540341
2400              7342.52328878985203
2410              7421.66412066980793
2420              7501.59037963832572
2430              7582.27771849235246
2440              7663.70155815912689
2450              7745.83709516419818
2460              7828.65930919763144
2470              7912.14297073929166
2480              7996.26264874070991
2490              8080.99271837102055
2500              8166.30736883196196
2510              8252.18061120782521
2520              8338.58628640360428
2530              8425.49807309812399
2540              8512.88949576456733
2550              8600.73393274508865
2560              8689.00462436120685
2570              8777.67468105332174
2580              8866.71709159345438
2590              8956.10473130048376
2600              9045.81037030364473
2610              9135.80668185179098
2620              9226.06625062681841
2630              9316.56158109952526
2640              9407.26510591376323
2650              9498.14919427474914
2660              9589.18616037648481
2670              9680.34827183500164
2680              9771.60775812992607
2690              9862.93681907932869
2700              9954.30763330292406
2710              10045.6923666960878
2720              10137.0631809113622
2730              10228.3922418457872
2740              10319.6517281215735
2750              10410.813839549303 
2760              10501.8508056144266
2770              10592.7348939329759
2780              10683.4384186972884
2790              10773.9337491125809
2800              10864.1933178227053
2810              10954.1896293017879
2820              11043.8952682267323
2830              11133.2829078480563
2840              11222.3253183008194
2850              11310.995374898908 
2860              11399.2660664110148
2870              11487.1105032850284
2880              11574.5019258408036
2890              11661.4137124146701
2900              11747.8193874914601
2910              11833.6926297391813
2920              11919.0072800686523
2930              12003.7373495616679
2940              12087.857027424959 
2950              12171.3406888234995
2960              12254.1629027146452
2970              12336.2984395649475
2980              12417.7222790836097
2990              12498.4096177828675
3000              12578.3358765966163
3010              12657.476708319307 
3020              12735.808005053162 
3030              12813.3059055505486
3040              12889.946802458165 
3050              12965.7073495420883
3060              13040.5644687846807
3070              13114.4953574016147
3080              13187.4774948206224
3090              13259.4886495146282
3100              13330.5068857774681
3110              13400.5105704322087
3120              13469.4783793747132
3130              13537.3893041221986
3140              13604.2226581645885
3150              13669.9580833067124
3160              13734.5755558382617
3170              13798.0553926529892
3180              13860.3782572372689
3190              13921.5251655579742
3200              13981.4774918480078
3210              14040.216974281996 
3220              14097.7257205379863
3230              14153.9862132376602
3240              14208.981315293351 
3250              14262.6942751310806
3260              14315.1087317704764
3270              14366.2087198356248
3280              14415.9786744028344
3290              14464.4034357418917
3300              14511.4682539250151
3310              14557.1587933467734
3320              14601.4611370559536
3330              14644.3617910133712
3340              14685.8476882015688
3350              14725.9061925955556
3360              14764.5251030137255
3370              14801.6926568314802
3380              14837.3975335775275
3390              14871.6288583529441
3400              14904.3762051703576
3410              14935.6296001075725
3420              14965.3795243621769
3430              14993.6169171289139
3440              15020.3331783788664
3450              15045.5201714647347
3460              15069.1702255979721
3470              15091.2761381911216
3480              15111.831177038727 
3490              15130.8290823850797
3500              15148.2640688047448
3510              15164.1308269782438
3520              15178.4245253104719
3530              15191.1408113876901
3540              15202.2758133113668
3550              15211.8261408730913
3560              15219.7888865830381
3570              15226.1616265536478
3580              15230.942421242685 
3590              15234.1298160340372
3600              15235.7228416803882
3610              15235.721014599442 
3620              15234.1243370187066
3630              15230.9332969680058
3640              15226.1488681363589
3650              15219.7725095657714
3660              15211.8061652110585
3670              15202.2522633390757
3680              15191.1137158006387
3690              15178.3939171177191
3700              15164.0967434724539
3710              15148.2265515097663
3720              15130.7881770110118
3730              15111.7869334245056
3740              15091.2286102354558
3750              15069.1194712119148
3760              15045.466252483481 
3770              15020.276160493522 
3780              14993.5568698049506
3790              14965.3165207612154
3800              14935.5637169875321
3810              14904.3075228005822
3820              14871.5574604143519
3830              14837.3235070552708
3840              14801.6160919150947
3850              14764.4460929847978
3860              14725.8248337195514
3870              14685.7640795996909
3880              14644.2760345485631
3890              14601.3733372089178
3900              14557.0690570911576
3910              14511.3766905917813
3920              14464.3101568786933
3930              14415.8837936641793
3940              14366.1123528147939
3950              14315.0109958772055
3960              14262.5952894384558
3970              14208.8812004080027
3980              14153.8850911258559
3990              14097.6237144033129
4000              14040.114208408095 
4010              13981.3740914346531
4020              13921.4212565821128
4030              13860.2739662990842
4040              13797.950846811979 
4050              13734.4708824709507
4060              13669.8534099385693
4070              13604.1181123227463
4080              13537.285013184014 
4090              13469.374470400516 
4100              13400.4071700171898
4110              13330.4041199043991
4120              13259.3866433799548
4130              13187.3763727088181
4140              13114.3952425146023
4150              13040.4654830937201
4160              12965.6096136479853
4170              12889.8504354381662
4180              12813.2110248093973
4190              12735.7147261916277
4200              12657.3851449835769
4210              12578.2461403393363
4220              12498.3218179374959
4230              12417.6365226179696
4240              12336.2148309647339
4250              12254.0815438344805
4260              12171.261678796236 
4270              12087.7804625077414
4280              12003.6633230402433
4290              11918.9358821275638
4300              11833.6239473710701
4310              11747.7535043705876
4320              11661.3507088137087
4330              11574.4418785168403
4340              11487.0534853980199
4350              11399.212147429761 
4360              11310.9446205103544
4370              11222.2777903468178
4380              11133.238664233835 
4390              11043.8543628526644
4400              10954.1521120059773
4410              10864.1592343152512
4420              10773.9031409214923
4430              10683.4113231094049
4440              10592.7113439606848
4450              10501.8308299523938
4460              10410.7974625303721
4470              10319.6389697051167
4480              10228.3831175727722
4490              10137.0577018943674
4500              10045.6905396151415
4510              9954.30946038387032
4520              9862.94229809632346
4530              9771.6168824046052 
4540              9680.36103025062637
4550              9589.20253739375153
4560              9498.16916993844613
4570              9407.2886558860543 
4580              9316.58867668657664
4590              9226.09685881873916
4600              9135.84076535841291
4610              9045.84788759945534
4620              8956.14563667371956
4630              8866.761335210172  
4640              8777.72220900815543
4650              8689.05537874726416
4660              8600.78785172800657
4670              8512.94651365157585
4680              8425.55812042208729
4690              8338.64929000539779
4700              8252.24649432786564
4710              8166.37605120090523
4720              8081.06411631294111
4730              7996.33667526379869
4740              7912.21953565734138
4750              7828.7383192257271 
4760              7745.91845404103448
4770              7663.78516676350098
4780              7582.36347495799256
4790              7501.6781794861936 
4800              7421.75385692542377
4810              7342.61485212641414
4820              7264.28527075776979
4830              7186.78897198273495
4840              7110.14956119254037
4850              7034.39038282129557
4860              6959.53451321746338
4870              6885.60475363598758
4880              6812.62362328117823
4890              6740.61335245360835
4900              6669.59587577356297
4910              6599.59282550600334
4920              6530.62552497123655
4930              6462.71498203879423
4940              6395.88188274945333
4950              6330.14658499383909
4960              6265.52911232249844
4970              6202.0491478458392 
4980              6139.72602822476731
4990              6078.57873781942133
5000              6018.62590284289948
5010              5959.88578575296481
5020              5902.37627964624665
5030              5846.11490281969231
5040              5791.11879344102285
5050              5737.40470431571136
5060              5684.98899779375256
5070              5633.88764077545129
5080              5584.1161998586665 
5090              5535.68983657758525
5100              5488.62330281041125
5110              5442.93093626360583
5120              5398.62665610424102
5130              5355.72395873547249
5140              5314.23591365938197
5150              5274.17515952704016
5160              5235.55390025596913
5170              5198.38390133066474
5180              5162.67648620296998
5190              5128.44253286552331
5200              5095.69247051174453
5210              5064.43627636473507
5220              5034.68347264180924
5230              5006.44312365632051
5240              4979.72383304014096
5250              4954.53374112839861
5260              4930.88052248650227
5270              4908.77138356114802
5280              4888.21306048027006
5290              4869.2118170094246 
5300              4851.77344263964425
5310              4835.90325081009119
5320              4821.6060773096099 
5330              4808.88627878062716
5340              4797.74773140278372
5350              4788.19382970470803
5360              4780.22748552723061
5370              4773.85112714635984
5380              4769.06669851108645
5390              4765.87565866258382
5400              4764.27898129319965
5410              4764.27715443275756
5420              4765.87018030460529
5430              4769.05757532977519
5440              4773.83837025928669
5450              4780.21111047536336
5460              4788.17385643743376
5470              4797.72418425627445
5480              4808.8591864437241 
5490              4821.57547278887563
5500              4835.86917139319762
5510              4851.73592984378298
5520              4869.17091654386283
5530              4888.16882217229445
5540              4908.72386130697131
5550              4930.82977419052062
5560              4954.47982861332577
5570              4979.6668219929223 
5580              5006.38308353660303
5590              5034.62047659790032
5600              5064.37040114872917
5610              5095.62379637967228
5620              5128.37114349164608
5630              5162.60246855995874
5640              5198.30734559807004
5650              5235.4748997062246 
5660              5274.09381040896973
5670              5314.15231508753176
5680              5355.63821255697619
5690              5398.53886679148012
5700              5442.84121077025787
5710              5488.53175045994957
5720              5535.59656890518164
5730              5584.02133049969103
5740              5633.79128531486375
5750              5684.89127362381488
5760              5737.30573049952465
5770              5791.01869056358306
5780              5846.01379283811383
5790              5902.27428574997096
5800              5959.78303220566318
5810              6018.52251483186441
5820              6078.47484130745437
5830              6139.6217497987384 
5840              6201.94461454444383
5850              6265.42445151061186
5860              6330.04192418195251
5870              6395.77734945138633
5880              6462.61070360943695
5890              6530.52162846176585
5900              6599.48943749413618
5910              6669.49312222709342
5920              6740.51135855650057
5930              6812.52251329959975
5940              6885.50465075854779
5950              6959.43553940044458
5960              7034.29265865218998
5970              7110.05320573195282
5980              7186.6941026220953 
5990              7264.19200308786246
6000              7342.52329977345619
6010              7421.66413143540418
6020              7501.59039017010434
6030              7582.27772878032835
6040              7663.70156818998659
6050              7745.83710492379614
6060              7828.65931867681466
6070              7912.14297992557877
6080              7996.26265761995536
6090              8080.99272693823179
6100              8166.30737706883299
6110              8252.18061911185975
6120              8338.58629396232096
6130              8425.49808030153772
6140              8512.88950260435719
6150              8600.73393921376582
6160              8689.00463044961834
6170              8777.67468675481081
6180              8866.71709690302848
6190              8956.10473620732571
6200              9045.81037480359407
6210              9135.80668594235143
6220              9226.0662542971728 
6230              9316.56158435050567
6240              9407.26510873871294
6250              9498.14919667117186
6260              9589.18616234188428
6270              9680.34827336355322
6280              9771.60775922412603
6290              9862.93681973834494
6300              9954.30763352176405
6310              10045.6923664764157
6320              10137.0631802548422
6330              10228.3922407515872
6340              10319.6517265905257
6350              10410.8138375830714
6360              10501.8508032205002
6370              10592.734891106362 
6380              10683.4384154479722
6390              10773.9337454413945
6400              10864.1933137321448
6410              10954.1896248018386
6420              11043.8952633198904
6430              11133.2829025401464
6440              11222.3253126009945
6450              11310.9953688088323
6460              11399.2660599440018
6470              11487.1104964452385
6480              11574.5019186373899
6490              11661.4137048567855
6500              11747.8193795882577
6510              11833.6926215023103
6520              11919.0072715022732
6530              12003.7373406832545
6540              12087.8570182411682
6550              12171.3406793443163
6560              12254.1628929558793
6570              12336.2984295365841
6580              12417.7222687948017
6590              12498.409607251921 
6600              12578.3358658326842
6610              12657.4766973348707
6620              12735.8079938648634
6630              12813.3058941683728
6640              12889.9467908987537
6650              12965.7073378195871
6660              13040.5644569107389
6670              13114.4953453928742
6680              13187.4774826920607
6690              13259.4886372770626
6700              13330.5068734525328
6710              13400.5105580290569
6720              13469.4783669108188
6730              13537.3892916133712
6740              13604.2226456249738
6750              13669.9580707504558
6760              13734.5755432828373
6770              13798.0553801133744
6780              13860.3782447284415
6790              13921.5251530940798
6800              13981.4774794448561
6810              14040.2169619570608
6820              14097.725708302917 
6830              14153.9862011090985
6840              14208.9813032854425
6850              14262.6942632571388
6860              14315.1087200471432
6870              14366.2087082795419
6880              14415.9786630223227
6890              14464.4034245535932
6900              14511.4682429430751
6910              14557.1587825836734
6920              14601.4611265258392
6930              14644.3617807287236
6940              14685.8476781740374
6950              14725.9061828384539
6960              14764.5250935362065
6970              14801.6926476493536
6980              14837.3975246999463
6990              14871.6288497890612
7000              14904.3761969343186
7010              14935.6295922060342
7020              14965.3795168067885
7030              14993.6169099271643
7040              15020.3331715415728
7050              15045.5201649985538
7060              15069.1702195103927
7070              15091.2761324929609
7080              15111.8311717341454
7090              15130.8290774799019
7100              15148.2640643039633
7110              15164.1308228926759
7120              15178.4245216401175
7130              15191.140808140038 
7140              15202.2758104872492
7150              15211.8261384783328
7160              15219.7888846201349
7170              15226.1616250250963
7180              15230.942420148485 
7190              15234.1298153808456
