441568800         -5.64583525515785592e-10
441568801         -5.58333389114916413e-10
441568802         -5.63725187670104722e-10
441568803         -5.57430907934580807e-10
441568804         -5.62981497912992415e-10
441568805         -5.56552174558047714e-10
441568806         -5.6228645355852917e-10
441568807         -5.55872773184009875e-10
441568808         -5.61526705539567357e-10
441568809         -5.5511943232081422e-10
441568810         -5.6066812887242754e-10
441568811         -5.54245429830556534e-10
441568812         -5.5983708942748934e-10
441568813         -5.53503029428085107e-10
441568814         -5.53289035521115309e-10
441568815         -5.58653761902086649e-10
441568816         -5.52429323972521444e-10
441568817         -5.51949523310346075e-10
441568818         -5.57597441613899674e-10
441568819         -5.51180627786357424e-10
441568820         -5.50888977443341015e-10
441568821         -5.50337483509120527e-10
441568822         -5.55961389491543244e-10
441568823         -5.49736390463931332e-10
441568824         -5.49318308280337043e-10
441568825         -5.48710774330915626e-10
441568826         -5.4857942236341226e-10
441568827         -5.48097475514559509e-10
441568828         -5.4770419070506511e-10
441568829         -5.47150605134965088e-10
441568830         -5.52964444854560526e-10
441568831         -5.46544481163727893e-10
441568832         -5.46062347761536351e-10
441568833         -5.45715247863253293e-10
441568834         -5.45381281883943909e-10
441568835         -5.44911350796700609e-10
441568836         -5.44514793845415689e-10
441568837         -5.38284341439377216e-10
441568838         -5.43578947933076215e-10
441568839         -5.43359913741965622e-10
441568840         -5.42963589687736446e-10
441568841         -5.4260547538410944e-10
441568842         -5.42252883206534906e-10
441568843         -5.41773594301552545e-10
441568844         -5.35408776872942396e-10
441568845         -5.41020653239621911e-10
441568846         -5.40610904335814145e-10
441568847         -5.40166474486181791e-10
441568848         -5.39761203915317336e-10
441568849         -5.33522464432929386e-10
441568850         -5.38914851686584096e-10
441568851         -5.38749795899843097e-10
441568852         -5.32256696870651834e-10
441568853         -5.37811926527555699e-10
441568854         -5.37407343216804743e-10
441568855         -5.31093807605505571e-10
441568856         -5.36632349594004412e-10
441568857         -5.30222462154917221e-10
441568858         -5.35770313490912327e-10
441568859         -5.29688950505428586e-10
441568860         -5.34960005608904919e-10
441568861         -5.28643232348373268e-10
441568862         -5.34211422883119079e-10
441568863         -5.27997357408287282e-10
441568864         -5.33357757092156836e-10
441568865         -5.27147208407800534e-10
441568866         -5.32615349800190732e-10
441568867         -5.26303297371302679e-10
441568868         -5.25893812135222765e-10
441568869         -5.31500928083538617e-10
441568870         -5.25104083283075048e-10
441568871         -5.30588683297998713e-10
441568872         -5.24457709440811431e-10
441568873         -5.23843257005007891e-10
441568874         -5.23436756348598175e-10
441568875         -5.29000892423968172e-10
441568876         -5.22881474253729865e-10
441568877         -5.22269937350868721e-10
441568878         -5.21756686190470979e-10
441568879         -5.21553345270186589e-10
441568880         -5.27169752525116754e-10
441568881         -5.20594171161295741e-10
441568882         -5.20274476907208918e-10
441568883         -5.19944811650156964e-10
441568884         -5.19484798947963809e-10
441568885         -5.19000205485077271e-10
441568886         -5.18696393599596092e-10
441568887         -5.18258300018988451e-10
441568888         -5.17915991787993835e-10
441568889         -5.17556078411480212e-10
441568890         -5.17011332987919047e-10
441568891         -5.1670105586271746e-10
441568892         -5.16281930086013047e-10
441568893         -5.15914691823356433e-10
441568894         -5.15338017046286791e-10
441568895         -5.14940509399141669e-10
441568896         -5.14862250220660264e-10
441568897         -5.14045223484880182e-10
441568898         -5.13993862777931436e-10
441568899         -5.0738699679865895e-10
441568900         -5.1312364745486773e-10
441568901         -5.12520396489239024e-10
441568902         -5.12221346949998275e-10
441568903         -5.11906562526966174e-10
441568904         -5.05410003071406209e-10
441568905         -5.11091065954818953e-10
441568906         -5.10629216439498002e-10
441568907         -5.10065702945069401e-10
441568908         -5.03925605476006978e-10
441568909         -5.09359290343038757e-10
441568910         -5.08935729570862323e-10
441568911         -5.02723623965373672e-10
441568912         -5.08055693274134754e-10
441568913         -5.01712711716615865e-10
441568914         -5.07470190461072464e-10
441568915         -5.06859160115330098e-10
441568916         -5.00584975101594608e-10
441568917         -5.06193303163061015e-10
441568918         -4.99678987943516422e-10
441568919         -5.05388033314171256e-10
441568920         -4.98968508594338655e-10
441568921         -5.04352805958508568e-10
441568922         -4.98145891699352483e-10
441568923         -4.97845420084642663e-10
441568924         -5.03236984032284836e-10
441568925         -4.96856919146706752e-10
441568926         -5.0247414276388842e-10
441568927         -4.96059298177711831e-10
441568928         -4.95656929046666999e-10
441568929         -5.01269519903885127e-10
441568930         -4.94853484024316807e-10
441568931         -4.94431606282002907e-10
441568932         -4.94044859688686668e-10
441568933         -4.99642300921728652e-10
441568934         -4.93061941846370431e-10
441568935         -4.92805738563447139e-10
441568936         -4.92534417738878631e-10
441568937         -4.97921144132579021e-10
441568938         -4.91518025330937763e-10
441568939         -4.91129913606698499e-10
441568940         -4.90785292924462754e-10
441568941         -4.90274094684738665e-10
441568942         -4.89989102082229913e-10
441568943         -4.89475771000680324e-10
441568944         -4.95055868176262534e-10
441568945         -4.88725388921107257e-10
441568946         -4.88176225638758278e-10
441568947         -4.87954002832917603e-10
441568948         -4.87455192630021758e-10
441568949         -4.86788750854495094e-10
441568950         -4.86873538185079757e-10
441568951         -4.86134360377375346e-10
441568952         -4.85898864495539723e-10
441568953         -4.79408446704829275e-10
441568954         -4.84892733553477676e-10
441568955         -4.84511542439175146e-10
441568956         -4.84331287052086577e-10
441568957         -4.83624040140430283e-10
441568958         -4.83281298782062999e-10
441568959         -4.82777195143523567e-10
441568960         -4.82564194378866159e-10
441568961         -4.76184226158107458e-10
441568962         -4.8162539748371358e-10
441568963         -4.81236873957410101e-10
441568964         -4.8082449954908543e-10
441568965         -4.74458897356208851e-10
441568966         -4.80001665147066375e-10
441568967         -4.79530798810121517e-10
441568968         -4.79230726895234598e-10
441568969         -4.72812974506121745e-10
441568970         -4.78278473579980755e-10
441568971         -4.7779586656088509e-10
441568972         -4.71581083254942467e-10
441568973         -4.77037868211851474e-10
441568974         -4.70860187862123566e-10
441568975         -4.76145454248837672e-10
441568976         -4.69845315410595397e-10
441568977         -4.75392418032797387e-10
441568978         -4.75027514124231167e-10
441568979         -4.68634359607025359e-10
441568980         -4.74151382906537731e-10
441568981         -4.67716163207443252e-10
441568982         -4.73317788212420566e-10
441568983         -4.66977768948698282e-10
441568984         -4.66545545805052821e-10
441568985         -4.71937186986198064e-10
441568986         -4.65814388063488689e-10
441568987         -4.71174867935428038e-10
441568988         -4.64892282513767406e-10
441568989         -4.64411015263036119e-10
441568990         -4.69999238841370759e-10
441568991         -4.63593511498390707e-10
441568992         -4.6316689967765186e-10
441568993         -4.68658012122777827e-10
441568994         -4.62417904748811114e-10
441568995         -4.61827178086809926e-10
441568996         -4.61513185314051541e-10
441568997         -4.67014941559297603e-10
441568998         -4.60652810242751002e-10
441568999         -4.60237491621381783e-10
441569000         -4.59858715473543391e-10
441569001         -4.5931414574247597e-10
441569002         -4.64887368378273225e-10
441569003         -4.58573954910584194e-10
441569004         -4.58102502762771118e-10
441569005         -4.57742709947924419e-10
441569006         -4.57261823922152119e-10
441569007         -4.56826434006370697e-10
441569008         -4.56432938587685999e-10
441569009         -4.56080062228095972e-10
441569010         -4.55422643935260312e-10
441569011         -4.55164843433182072e-10
441569012         -4.54750834996946053e-10
441569013         -4.54318067957417709e-10
441569014         -4.54007656967681694e-10
441569015         -4.53410824928076483e-10
441569016         -4.52967945558764417e-10
441569017         -4.52672865034050572e-10
441569018         -4.52228769346750964e-10
441569019         -4.51740472494082059e-10
441569020         -4.51399548132304939e-10
441569021         -4.50877768541086448e-10
441569022         -4.44549748718349405e-10
441569023         -4.5014009664943285e-10
441569024         -4.49548468064813823e-10
441569025         -4.49297317983177891e-10
441569026         -4.48717135953624097e-10
441569027         -4.42455543789217322e-10
441569028         -4.4795443267833966e-10
441569029         -4.47449245488119267e-10
441569030         -4.47201424275817338e-10
441569031         -4.40680261032404218e-10
441569032         -4.46268558752790045e-10
441569033         -4.45686507974183707e-10
441569034         -4.39558617517346984e-10
441569035         -4.45006423992767805e-10
441569036         -4.44506013966610168e-10
441569037         -4.38162867490648174e-10
441569038         -4.4364047739050366e-10
441569039         -4.43250729052639391e-10
441569040         -4.3686312523850165e-10
441569041         -4.42408059957249618e-10
441569042         -4.36036230784558512e-10
441569043         -4.41622387447233432e-10
441569044         -4.35041286450091884e-10
441569045         -4.40698583200527868e-10
441569046         -4.34427845499985944e-10
441569047         -4.39859628065567388e-10
441569048         -4.33485639459328215e-10
441569049         -4.38839290326094499e-10
441569050         -4.32574992533816328e-10
441569051         -4.38089987304987083e-10
441569052         -4.31699515860538406e-10
441569053         -4.31547687471045898e-10
441569054         -4.36721139714358641e-10
441569055         -4.30361093746434012e-10
441569056         -4.30009533708893015e-10
441569057         -4.35540967026609442e-10
441569058         -4.29254788057307165e-10
441569059         -4.28809665482872005e-10
441569060         -4.34182914362789793e-10
441569061         -4.27818538284849258e-10
441569062         -4.27393525615010022e-10
441569063         -4.27093211253611295e-10
441569064         -4.32563040344865143e-10
441569065         -4.26050011662494928e-10
441569066         -4.257587462827347e-10
441569067         -4.25242031396946979e-10
441569068         -4.24974339024447928e-10
441569069         -4.30257946407349344e-10
441569070         -4.2389796104854631e-10
441569071         -4.23557551445757626e-10
441569072         -4.23109691339048521e-10
441569073         -4.22719104617356597e-10
441569074         -4.22256857108514295e-10
441569075         -4.21845426952398883e-10
441569076         -4.21463517702917242e-10
441569077         -4.20840424718836448e-10
441569078         -4.20555257315041651e-10
441569079         -4.20110770356482612e-10
441569080         -4.19775158250898388e-10
441569081         -4.19027027176394323e-10
441569082         -4.18847002329240859e-10
441569083         -4.18251561224183258e-10
441569084         -4.17911075486791023e-10
441569085         -4.17619732788559732e-10
441569086         -4.17135696449156763e-10
441569087         -4.1651410884419061e-10
441569088         -4.16202471037695505e-10
441569089         -4.1575144110883038e-10
441569090         -4.1534151086033426e-10
441569091         -4.14723680562490101e-10
441569092         -4.08582058119370471e-10
441569093         -4.14042250931760068e-10
441569094         -4.13529891778456974e-10
441569095         -4.13181044889252113e-10
441569096         -4.12671993598624394e-10
441569097         -4.0628061545855369e-10
441569098         -4.11886247254192108e-10
441569099         -4.11521008429966522e-10
441569100         -4.10855335097287987e-10
441569101         -4.04481688557270985e-10
441569102         -4.10138071688510423e-10
441569103         -4.09594151912677021e-10
441569104         -4.03263567513224272e-10
441569105         -4.08843742372762334e-10
441569106         -4.08372907533405982e-10
441569107         -4.01869744054222347e-10
441569108         -4.07482367595242375e-10
441569109         -4.06980171271258219e-10
441569110         -4.00748983737252768e-10
441569111         -4.0593939139590649e-10
441569112         -3.9988710805889217e-10
441569113         -4.05328697435256908e-10
441569114         -3.98804899019729575e-10
441569115         -4.0442684159357793e-10
441569116         -3.9791791950189463e-10
441569117         -4.0356789665657674e-10
441569118         -3.97141970690905526e-10
441569119         -4.02562254076952172e-10
441569120         -3.96323634646740828e-10
441569121         -4.0186494915553299e-10
441569122         -3.95224676247348294e-10
441569123         -4.00890754633063922e-10
441569124         -3.94522352177500357e-10
441569125         -3.94095622364843655e-10
441569126         -3.99444674570367207e-10
441569127         -3.93198987006947555e-10
441569128         -3.92775383726938824e-10
441569129         -3.98303736395517336e-10
441569130         -3.91896609229642824e-10
441569131         -3.91329202053206918e-10
441569132         -3.96970809927296423e-10
441569133         -3.90443275531024267e-10
441569134         -3.90144028917342609e-10
441569135         -3.89604053311967508e-10
441569136         -3.95119457397814128e-10
441569137         -3.88796197948597633e-10
441569138         -3.88322995379422331e-10
441569139         -3.87757302712080673e-10
441569140         -3.93479048344265941e-10
441569141         -3.87029034999789895e-10
441569142         -3.86594247583215771e-10
441569143         -3.86135774161052712e-10
441569144         -3.85481952873430645e-10
441569145         -3.85361624347891856e-10
441569146         -3.8467204048050639e-10
441569147         -3.84344880472235512e-10
441569148         -3.89817217386880018e-10
441569149         -3.83511649738199984e-10
441569150         -3.82930045411618446e-10
441569151         -3.82631182296120447e-10
441569152         -3.82058653251487555e-10
441569153         -3.81686116246949456e-10
441569154         -3.81186701267584998e-10
441569155         -3.80887684331850073e-10
441569156         -3.80374713459548177e-10
441569157         -3.79844053880970808e-10
441569158         -3.79331108982368449e-10
441569159         -3.78983238839472453e-10
441569160         -3.78608913446127596e-10
441569161         -3.78105142816185935e-10
441569162         -3.71846017503249791e-10
441569163         -3.77137627749571797e-10
441569164         -3.76864422176606794e-10
441569165         -3.76163329447491139e-10
441569166         -3.76056350135985305e-10
441569167         -3.75274981085727848e-10
441569168         -3.75181950769048988e-10
441569169         -3.68624687802814237e-10
441569170         -3.73990133563931066e-10
441569171         -3.73656756858613883e-10
441569172         -3.73156006831187904e-10
441569173         -3.72799952379687139e-10
441569174         -3.66346903390614495e-10
441569175         -3.71847187264299688e-10
441569176         -3.7149136483171311e-10
441569177         -3.70929792635476609e-10
441569178         -3.6465780196843879e-10
441569179         -3.6998087198649776e-10
441569180         -3.69783622626000179e-10
441569181         -3.63151326360292252e-10
441569182         -3.6859588748509491e-10
441569183         -3.68368374298994147e-10
441569184         -3.61918494140820674e-10
441569185         -3.67475041339643288e-10
441569186         -3.61039698935977864e-10
441569187         -3.66362455987873104e-10
441569188         -3.66084021697210588e-10
441569189         -3.59601251515223516e-10
441569190         -3.65124513301714687e-10
441569191         -3.58804482771173487e-10
441569192         -3.64306328293764981e-10
441569193         -3.57765074214045839e-10
441569194         -3.63394950147794686e-10
441569195         -3.56871736175197214e-10
441569196         -3.62514188526202867e-10
441569197         -3.56058927877588654e-10
441569198         -3.6148720601764848e-10
441569199         -3.55143212435854694e-10
441569200         -3.60758174499336672e-10
441569201         -3.54115343619794407e-10
441569202         -3.59849892664980594e-10
441569203         -3.53314638785745476e-10
441569204         -3.52847457278026468e-10
441569205         -3.58412366905894747e-10
441569206         -3.51996659000425057e-10
441569207         -3.51513715089217906e-10
441569208         -3.57169472367125631e-10
441569209         -3.50631864475392949e-10
441569210         -3.50075844505765471e-10
441569211         -3.55602822851677494e-10
441569212         -3.49279303272022144e-10
441569213         -3.4894483924291828e-10
441569214         -3.5430304937910091e-10
441569215         -3.47959506580416524e-10
441569216         -3.47424974505419571e-10
441569217         -3.46954095937765633e-10
441569218         -3.52526247620335655e-10
441569219         -3.46155531249877881e-10
441569220         -3.45713978816437291e-10
441569221         -3.45246177755237128e-10
441569222         -3.44719761448947247e-10
441569223         -3.44130557206226166e-10
441569224         -3.49934951614714227e-10
441569225         -3.43375718001647929e-10
441569226         -3.42931516906193468e-10
441569227         -3.42496001786223713e-10
441569228         -3.42099864828036601e-10
441569229         -3.41482699909496076e-10
441569230         -3.41080261282875389e-10
441569231         -3.40678661707964528e-10
441569232         -3.40239924756354811e-10
441569233         -3.45734716007008662e-10
441569234         -3.39251798449335581e-10
441569235         -3.38726491980134321e-10
441569236         -3.38587799902218864e-10
441569237         -3.37819312484752544e-10
441569238         -3.37454363748913119e-10
441569239         -3.37095100817241721e-10
441569240         -3.36626113523701465e-10
441569241         -3.36008040393786689e-10
441569242         -3.29701918896986997e-10
441569243         -3.35209635574311759e-10
441569244         -3.34835397869632558e-10
441569245         -3.34182275129529535e-10
441569246         -3.33859389736719883e-10
441569247         -3.33388509504907592e-10
441569248         -3.32800385936066416e-10
441569249         -3.32453617205014221e-10
441569250         -3.3196378709711499e-10
441569251         -3.31511360938988636e-10
441569252         -3.25196831524850194e-10
441569253         -3.30690121136016704e-10
441569254         -3.30127292375333192e-10
441569255         -3.29682907766498175e-10
441569256         -3.29333038647991938e-10
441569257         -3.22845502206147965e-10
441569258         -3.28242327546226961e-10
441569259         -3.27889506402537626e-10
441569260         -3.27496470789954329e-10
441569261         -3.21039152835904459e-10
441569262         -3.26428332741970848e-10
441569263         -3.26075636293955602e-10
441569264         -3.25516469772738042e-10
441569265         -3.19135434145772059e-10
441569266         -3.24786472728067989e-10
441569267         -3.2425198832382061e-10
441569268         -3.17776122223388071e-10
441569269         -3.23255836085649464e-10
441569270         -3.22731218850482651e-10
441569271         -3.16416099715849839e-10
441569272         -3.21963028181910415e-10
441569273         -3.15471509070130966e-10
441569274         -3.21008628664017913e-10
441569275         -3.20534816710243451e-10
441569276         -3.14044413671965047e-10
441569277         -3.19526474653520248e-10
441569278         -3.13229723474078498e-10
441569279         -3.18678124169393e-10
441569280         -3.1238873967289532e-10
441569281         -3.17632402106218776e-10
441569282         -3.11386530737337783e-10
441569283         -3.16823868487033121e-10
441569284         -3.10463756660473737e-10
441569285         -3.15815449789845717e-10
441569286         -3.09563821355365597e-10
441569287         -3.1503721423986308e-10
441569288         -3.0857761191980895e-10
441569289         -3.1406991267874929e-10
441569290         -3.0765331717582524e-10
441569291         -3.13139281695324154e-10
441569292         -3.06654628726913738e-10
441569293         -3.06199852636880971e-10
441569294         -3.11772737765028558e-10
441569295         -3.05290808655225985e-10
441569296         -3.1087427427788239e-10
441569297         -3.04350198203188089e-10
441569298         -3.03920913678023895e-10
441569299         -3.09539296418180078e-10
441569300         -3.03088676873849492e-10
441569301         -3.02450368962684202e-10
441569302         -3.08006680721846762e-10
441569303         -3.01628453662411484e-10
441569304         -3.01161751857293405e-10
441569305         -3.00710130909740112e-10
441569306         -3.06177984448326253e-10
441569307         -2.99770218979373521e-10
441569308         -2.99328070824514531e-10
441569309         -2.98777956929575967e-10
441569310         -3.04345631722305284e-10
441569311         -2.97765038296740125e-10
441569312         -2.97487097391731486e-10
441569313         -2.96946618924455235e-10
441569314         -2.96717984895290312e-10
441569315         -3.02027634875195766e-10
441569316         -2.95461169183795011e-10
441569317         -2.95097412206930888e-10
441569318         -2.94639354448987955e-10
441569319         -2.94251537518763523e-10
441569320         -2.93716032320723855e-10
441569321         -2.93261719582661003e-10
441569322         -2.98643169438657836e-10
441569323         -2.92334076753146876e-10
441569324         -2.91781826542674226e-10
441569325         -2.9141960332987231e-10
441569326         -2.90930224160155683e-10
441569327         -2.90495495526943488e-10
441569328         -2.89833264213098935e-10
441569329         -2.89466620298340547e-10
441569330         -2.89184519223393936e-10
441569331         -2.88549653529281572e-10
441569332         -2.88095216033277783e-10
441569333         -2.87534890719815677e-10
441569334         -2.87166059262446244e-10
441569335         -2.86847011519954524e-10
441569336         -2.86233699744460845e-10
441569337         -2.85683791341988376e-10
441569338         -2.85318477384537471e-10
441569339         -2.84745415639606883e-10
441569340         -2.84375287109098174e-10
441569341         -2.84013812663541786e-10
441569342         -2.8327214770859706e-10
441569343         -2.83000178935021847e-10
441569344         -2.76573159578624292e-10
441569345         -2.81984597660227521e-10
441569346         -2.81510346517977319e-10
441569347         -2.81043872103830249e-10
441569348         -2.80666785220083057e-10
441569349         -2.80118528392901318e-10
441569350         -2.79567144960465003e-10
441569351         -2.73251641428652099e-10
441569352         -2.78701456771105617e-10
441569353         -2.7835997715615985e-10
441569354         -2.77717211775819389e-10
441569355         -2.77235248092702972e-10
441569356         -2.70903294148941435e-10
441569357         -2.76403607508991649e-10
441569358         -2.75838017893349258e-10
441569359         -2.75390202886912739e-10
441569360         -2.6904542858332057e-10
441569361         -2.74446985776149492e-10
441569362         -2.73981532161111828e-10
441569363         -2.73755138564929686e-10
441569364         -2.6701444287039843e-10
441569365         -2.72660009230997492e-10
441569366         -2.7211348797090015e-10
441569367         -2.65554912941974484e-10
441569368         -2.7118168948607741e-10
441569369         -2.70618916893339771e-10
441569370         -2.64298317009939337e-10
441569371         -2.69781469978124802e-10
441569372         -2.69227993731311499e-10
441569373         -2.62957365327894227e-10
441569374         -2.68283699718340626e-10
441569375         -2.61963100178772703e-10
441569376         -2.6744343821528181e-10
441569377         -2.66799454470733966e-10
441569378         -2.60396649576776573e-10
441569379         -2.66024475759224062e-10
441569380         -2.59555078468686321e-10
441569381         -2.64981283984739491e-10
441569382         -2.64553693548624245e-10
441569383         -2.58114390392652674e-10
441569384         -2.63680038181613653e-10
441569385         -2.5720233011192223e-10
441569386         -2.62578224543969114e-10
441569387         -2.56174472779041288e-10
441569388         -2.61634068473728303e-10
441569389         -2.55232391033467312e-10
441569390         -2.60867733879157957e-10
441569391         -2.54295890599737722e-10
441569392         -2.5396384602157166e-10
441569393         -2.59295689671980861e-10
441569394         -2.5281091844696803e-10
441569395         -2.5832694373972397e-10
441569396         -2.51949780086803088e-10
441569397         -2.57313212215602281e-10
441569398         -2.51077254591827519e-10
441569399         -2.50688303763868621e-10
441569400         -2.55895635910986426e-10
