0                 0.132908442605442545
10                0.132908257346885605
20                0.132867586234254098
30                0.132786442543978644
40                0.132664853389178106
50                0.132502851294378665
60                0.132300487958782576
70                0.132057829297207441
80                0.131774942392386407
90                0.131451918231160647
100               0.131088850902659537
110               0.130685859478017363
120               0.130243056518472677
130               0.129760585122097538
140               0.129238588426739298
150               0.128677227565964003
160               0.128076672649895862
170               0.127437105295195252
180               0.126758723755561853
190               0.126041732507495396
200               0.125286349692365739
210               0.124492806694162184
220               0.123661347373065666
230               0.12279222278300761
240               0.121885691304485455
250               0.120942044899030599
260               0.119961557336044855
270               0.11894453394439175
280               0.117891279608038246
290               0.116802120375052887
300               0.115677386847780284
310               0.114517423082800995
320               0.113322575685471882
330               0.112093215099006827
340               0.110829715403076179
350               0.109532459521678227
360               0.10820184433950164
370               0.106838273501608683
380               0.105442163077814399
390               0.10401393863906705
400               0.102554038036413608
410               0.101062900021281266
420               0.0995409828812050534
430               0.097988750722253215
440               0.0964066706703228249
450               0.094795235938260447
460               0.09315492649273871
470               0.0914862445184443374
480               0.0897897055605030303
490               0.0880658134740883725
500               0.0863151046930461519
510               0.0845381084882577127
520               0.0827353635842795754
530               0.0809074234503279754
540               0.0790548407988040935
550               0.0771781850349952947
560               0.0752780207278371805
570               0.0733549357379166267
580               0.0714095062460646801
590               0.0694423280384439678
600               0.0674540070646738599
610               0.065445141219926839
620               0.0634163377593059963
630               0.0613682300164324346
640               0.0593014279522172671
650               0.0572165666948647456
660               0.0551142810459293031
670               0.052995211824939048
680               0.0508600017928779735
690               0.0487093021144300309
700               0.0465437720240693409
710               0.0443640618320157998
720               0.0421708459413370207
730               0.0399647844783475037
740               0.0377465542315578162
750               0.0355168266385508247
760               0.0332762818971756857
770               0.0310256076404691328
780               0.0287654805275101566
790               0.0264965956576794781
800               0.0242196406221744098
810               0.0219353090338243462
820               0.0196443002543800205
830               0.0173473061153286423
840               0.015045028688982498
850               0.0127381716439467496
860               0.0104274359142015882
870               0.00811352211398830292
880               0.00579713713316554191
890               0.00347899069403556638
900               0.00115978096063873437
910               -0.00115978095368252099
920               -0.0034789883749253292
930               -0.00579713769339829099
940               -0.00811352245379381998
950               -0.0104274338102969821
960               -0.012738171588856595
970               -0.0150450277600686633
980               -0.0173473064706168856
990               -0.0196442991617660212
1000              -0.0219353080382074239
1010              -0.0242196405668391179
1020              -0.0264965950338282852
1030              -0.028765479648168224
1040              -0.0310256069895054054
1050              -0.0332762821421930255
1060              -0.0355168269792924818
1070              -0.0377465524121536333
1080              -0.0399647842880268556
1090              -0.0421708455766616197
1100              -0.0443640630609989373
1110              -0.0465437693796832974
1120              -0.0487093020429654189
1130              -0.0508600026935570604
1140              -0.0529952098838881724
1150              -0.0551142810622087254
1160              -0.0572165671111610763
1170              -0.0593014275193932683
1180              -0.0613682311291787741
1190              -0.0634163381419625694
1200              -0.0654451380931204696
1210              -0.0674540071360176796
1220              -0.069442329201546471
1230              -0.0714095050737846293
1240              -0.0733549349750215463
1250              -0.0752780218053863415
1260              -0.0771781855766784375
1270              -0.0790548412796581168
1280              -0.0809074230376261028
1290              -0.0827353651308011528
1300              -0.0845381068831070337
1310              -0.0863151059991977831
1320              -0.0880658141249224258
1330              -0.0897897031751719865
1340              -0.091486245388233467
1350              -0.0931549281040595645
1360              -0.0947952352898440154
1370              -0.0964066717576836929
1380              -0.0979887512192680887
1390              -0.0995409841196193135
1400              -0.101062900327780092
1410              -0.10255403605419966
1420              -0.104013940809296379
1430              -0.105442163661435107
1440              -0.106838274541023903
1450              -0.108201844000197944
1460              -0.109532460403496401
1470              -0.110829716209139839
1480              -0.112093215617578235
1490              -0.113322576778772444
1500              -0.114517421682793774
1510              -0.115677388425409422
1520              -0.116802121453733143
1530              -0.117891281896202571
1540              -0.118944533504884653
1550              -0.119961557053669399
1560              -0.120942045313365387
1570              -0.121885693923718286
1580              -0.122792223412357071
1590              -0.123661346916810633
1600              -0.124492808643921204
1610              -0.125286350126323942
1620              -0.126041734220029067
1630              -0.126758722927654333
1640              -0.127437106455771776
1650              -0.12807667284962676
1660              -0.128677229674133198
1670              -0.129238589465275222
1680              -0.129760587065993249
1690              -0.130243056293863457
1700              -0.13068585809835831
1710              -0.131088855116054948
1720              -0.131451917205019253
1730              -0.131774943476596462
1740              -0.132057828884280859
1750              -0.132300488941227812
1760              -0.132502853895293704
1770              -0.132664852649745146
1780              -0.132786442452964781
1790              -0.13286758806292287
1800              -0.132908257137144936
1810              -0.132908442803827409
1820              -0.132868143611874157
1830              -0.132787370803876925
1840              -0.132666148799628125
1850              -0.132504514673007279
1860              -0.13230251819960559
1870              -0.132060221511091758
1880              -0.131777694018982316
1890              -0.131455025684524607
1900              -0.131092315099193613
1910              -0.130689668676280846
1920              -0.130247212261468182
1930              -0.129765078981580739
1940              -0.129243418651150854
1950              -0.128682380817832343
1960              -0.128082149961374014
1970              -0.127442896637248726
1980              -0.126764820346372709
1990              -0.126048132024706661
2000              -0.125293040346741158
2010              -0.124499784359230148
2020              -0.123668597653228129
2030              -0.122799740531220003
2040              -0.12189346948228641
2050              -0.12095006952004228
2060              -0.119969820276166317
2070              -0.118953024648866812
2080              -0.117899987457779964
2090              -0.116811040370561336
2100              -0.115686500470781883
2110              -0.114526721058027192
2120              -0.113332048745265812
2130              -0.112102850357144401
2140              -0.110839502663905076
2150              -0.109542386058893992
2160              -0.108211898286373565
2170              -0.106848439385107685
2180              -0.105452432971995247
2190              -0.104024300840519501
2200              -0.102564471733961327
2210              -0.101073402769746856
2220              -0.0995515353732328023
2230              -0.0979993405293728692
2240              -0.0964172910990654941
2250              -0.094805864349684299
2260              -0.0931655571622189704
2270              -0.0914968630603896216
2280              -0.0898002949731586675
2290              -0.0880763661989054647
2300              -0.0863256075940523893
2310              -0.0845485417124915983
2320              -0.0827457251405205874
2330              -0.0809176906593318535
2340              -0.0790650094243305901
2350              -0.07718823899995364
2360              -0.0752879457628372606
2370              -0.0733647205610634678
2380              -0.0714191431023167844
2390              -0.0694518019580718793
2400              -0.0674633039703755877
2410              -0.0654542517556584436
2420              -0.0634252553453120704
2430              -0.0613769383035127625
2440              -0.0593099186099834697
2450              -0.0572248286142875706
2460              -0.0551223052120857204
2470              -0.053002987048421879
2480              -0.0508675189209051304
2490              -0.0487165535510651893
2500              -0.046550743369648373
2510              -0.0443707540518429866
2520              -0.0421772441515235741
2530              -0.0399708816448747228
2540              -0.0377523425320855921
2550              -0.0355223023659476667
2560              -0.0332814365543026014
2570              -0.0310304336204483278
2580              -0.0287699748351109008
2590              -0.0265007484501680324
2600              -0.0242234502600844337
2610              -0.0219387704678428719
2620              -0.0196474059305407067
2630              -0.0173500569701214857
2640              -0.0150474203481198998
2650              -0.0127401999809810818
2660              -0.0104290978872993989
2670              -0.00811481608391950715
2680              -0.00579806436276175674
2690              -0.00347954640943992644
2700              -0.00115996661687489677
2710              0.0011599674551083794
2720              0.00347954623029433918
2730              0.00579806379820535511
2740              0.0081148182325589957
2750              0.0104290983145238769
2760              0.0127402000177418984
2770              0.0150474212517135442
2780              0.0173500582455474728
2790              0.0196474069803844742
2800              0.0219387705781519671
2810              0.0242234519147972449
2820              0.0265007489964954601
2830              0.0287699731268089565
2840              0.0310304341650775584
2850              0.0332814386831552511
2860              0.0355223018856332118
2870              0.0377523425294805648
2880              0.0399708833222254256
2890              0.0421772426544810841
2900              0.0443707559322650269
2910              0.0465507441084422879
2920              0.0487165541897525145
2930              0.0508675177309099169
2940              0.0530029870105614975
2950              0.0551223048547271333
2960              0.0572248319900969804
2970              0.0593099161500196814
2980              0.0613769392615006737
2990              0.0634252553393457319
3000              0.0654542527322217182
3010              0.0674633050457327244
3020              0.0694518010774265449
3030              0.0714191428600265965
3040              0.0733647207079917152
3050              0.0752879465314943985
3060              0.0771882386056317316
3070              0.079065008223574651
3080              0.0809176919806766648
3090              0.0827457244665916747
3100              0.0845485416575550985
3110              0.0863256070873799075
3120              0.0880763654785088335
3130              0.089800295587614265
3140              0.0914968620466583005
3150              0.0931655562017468242
3160              0.0948058647795759768
3170              0.0964172897559798514
3180              0.0979993414037751975
3190              0.0995515363015160304
3200              0.101073400432986737
3210              0.102564471649791322
3220              0.104024299064524151
3230              0.105452433579584337
3240              0.106848439502408077
3250              0.108211898084427993
3260              0.109542385434924228
3270              0.110839500419389836
3280              0.112102850033145351
3290              0.113332050312703103
3300              0.114526718433070052
3310              0.115686500665078462
3320              0.116811038541088763
3330              0.117899988554229118
3340              0.118953022624783245
3350              0.119969819737141492
3360              0.120950069096055657
3370              0.12189346849897742
3380              0.122799739024732624
3390              0.12366859721746426
3400              0.124499783168732669
3410              0.125293039829107222
3420              0.126048131051876844
3430              0.126764821075386891
3440              0.127442895373551579
3450              0.128082147992459205
3460              0.128682381933551859
3470              0.129243416679041268
3480              0.129765076941726676
3490              0.130247211566126175
3500              0.130689669146719645
3510              0.131092313318339038
3520              0.13145502583095503
3530              0.131777693738103885
3540              0.132060219420623071
3550              0.132302518066572894
3560              0.132504515445037718
3570              0.132666147949556112
3580              0.132787369338324801
3590              0.132868142758697516
3600              0.132908442363508073
3610              0.132908256330160235
3620              0.132867586376841373
3630              0.132786442985470821
3640              0.132664852969955227
3650              0.132502851882335015
3660              0.132300490286597849
3670              0.132057827134780759
3680              0.131774943345554618
3690              0.131451917942667862
3700              0.13108885301752693
3710              0.130685858996240967
3720              0.130243057262875439
3730              0.129760585586091715
3740              0.12923858842375413
3750              0.128677228221577344
3760              0.128076673897078663
3770              0.127437106697356306
3780              0.126758722832763127
3790              0.126041733879298512
3800              0.12528634925738924
3810              0.124492808260688648
3820              0.123661348501751256
3830              0.122792223095554931
3840              0.121885694135113631
3850              0.120942044799908999
3860              0.11996155920175422
3870              0.118944533859757229
3880              0.117891280643364738
3890              0.116802121754051136
3900              0.115677388924827262
3910              0.114517423998945489
3920              0.11332257634499765
3930              0.112093216656845129
3940              0.110829715087740865
3950              0.109532461435544626
3960              0.108201844464010044
3970              0.106838276321678194
3980              0.105442164922386006
3990              0.104013939312553205
4000              0.102554038304412565
4010              0.101062901592413823
4020              0.0995409842283594415
4030              0.0979887520567110926
4040              0.0964066730911650183
4050              0.0947952372533444887
4060              0.0931549278568022388
4070              0.091486244589832566
4080              0.089789706307166206
4090              0.0880658151624187369
4100              0.086315106701397859
4110              0.0845381092884363028
4120              0.082735364883602891
4130              0.0809074235165772038
4140              0.0790548435950810813
4150              0.077178186888247069
4160              0.0752780219603144118
4170              0.0733549364890846434
4180              0.0714095072872940051
4190              0.0694423290916788005
4200              0.0674540084497108339
4210              0.065445139677355435
4220              0.0634163405797600888
4230              0.0613682308939642596
4240              0.0593014294351261739
4250              0.0572165676890667996
4260              0.0551142826247064122
4270              0.0529952122219121691
4280              0.0508600030446695328
4290              0.0487093033903018835
4300              0.0465437712769283252
4310              0.0443640649387022634
4320              0.0421708458881253634
4330              0.0399647854798619306
4340              0.037746552581454651
4350              0.0355168281727520352
4360              0.0332762828456143467
4370              0.0310256079309585431
4380              0.0287654821125258309
4390              0.0264965950170754638
4400              0.0242196412366801894
4410              0.0219353088963991638
4420              0.019644301016533916
4430              0.0173473072564220843
4440              0.0150450291749617548
4450              0.0127381724188015966
4460              0.0104274332390357216
4470              0.00811352420530120355
4480              0.0057971391971971542
4490              0.00347898823796022327
4500              0.00115978144022044205
4510              -0.001159780601526883
4520              -0.00347898841898164335
4530              -0.00579713810411064401
4540              -0.00811352290227240758
4550              -0.010427434498792465
4560              -0.0127381707522067344
4570              -0.0150450283195064927
4580              -0.0173473068772151962
4590              -0.019644299216866834
4600              -0.0219353097206989034
4610              -0.0242196397067848679
4620              -0.0264965954519400526
4630              -0.0287654814998541397
4640              -0.0310256067575815919
4650              -0.0332762834461961532
4660              -0.0355168272535362206
4670              -0.0377465528817984008
4680              -0.039964784134840059
4690              -0.0421708469214019388
4700              -0.0443640642959959308
4710              -0.0465437701501620893
4720              -0.0487093024032292377
4730              -0.0508600030947534698
4740              -0.0529952119933820853
4750              -0.0551142827578523509
4760              -0.0572165682923047036
4770              -0.0593014284286295101
4780              -0.0613682306736680339
4790              -0.0634163388710953235
4800              -0.0654451411907071012
4810              -0.0674540074120963951
4820              -0.0694423300540458754
4830              -0.0714095059908577134
4840              -0.0733549365109817941
4850              -0.0752780230675411666
4860              -0.0771781858723428194
4870              -0.0790548434271229894
4880              -0.0809074250276244911
4890              -0.0827353651012288083
4900              -0.0845381089256429519
4910              -0.0863151068276941658
4920              -0.0880658147063799746
4930              -0.0897897053829677105
4940              -0.091486247823151956
4950              -0.093154927739914406
4960              -0.0947952366078670394
4970              -0.0964066725823329307
4980              -0.0979887543488686674
4990              -0.0995409823301027785
5000              -0.101062902148950862
5010              -0.102554039124312268
5020              -0.104013941009640121
5030              -0.105442165915230035
5040              -0.106838275321343712
5050              -0.108201846289601722
5060              -0.109532461194836728
5070              -0.110829717305122255
5080              -0.11209321529245253
5090              -0.113322578082083236
5100              -0.114517424101572729
5110              -0.115677388699658934
5120              -0.116802123545220571
5130              -0.117891280330657988
5140              -0.118944535822826047
5150              -0.119961559664492512
5160              -0.120942045961826672
5170              -0.121885694171722569
5180              -0.122792223632334885
5190              -0.123661349606458693
5200              -0.124492808427928647
5210              -0.12528635038547975
5220              -0.126041734597624799
5230              -0.126758725142392059
5240              -0.127437105969639752
5250              -0.128076673834843557
5260              -0.128677230025358025
5270              -0.12923858994300863
5280              -0.129760586294993541
5290              -0.130243059075600964
5300              -0.130685857929216276
5310              -0.131088854150239076
5320              -0.131451918759056596
5330              -0.131774943702355873
5340              -0.132057829244890179
5350              -0.132300489549520339
5360              -0.13250285350961688
5370              -0.132664852830860713
5380              -0.132786442568585183
5390              -0.132867587781712704
5400              -0.132908258091279041
5410              -0.132908442763383761
5420              -0.132868143973321029
5430              -0.132787369933675237
5440              -0.132666147859843875
5450              -0.132504515958755675
5460              -0.132302518484593623
5470              -0.132060220371446491
5480              -0.131777693836810705
5490              -0.131455025827464933
5500              -0.131092313589428855
5510              -0.13068966885271438
5520              -0.130247211136519603
5530              -0.129765078065051664
5540              -0.12924341730078126
5550              -0.128682381239724641
5560              -0.128082148897546322
5570              -0.127442895359765718
5580              -0.126764821338587019
5590              -0.126048131502588756
5600              -0.125293039086756153
5610              -0.124499783549103071
5620              -0.12366859723949597
5630              -0.122799739231462812
5640              -0.121893468126200499
5650              -0.120950067734264533
5660              -0.119969820658360149
5670              -0.118953022796702612
5680              -0.11789998779314903
5690              -0.116811037016371078
5700              -0.115686501396875308
5710              -0.114526718141527706
5720              -0.113332049406025703
5730              -0.112102849282949002
5740              -0.110839500965183468
5750              -0.109542384628883216
5760              -0.108211896154094767
5770              -0.106848438725319905
5780              -0.105452433298185433
5790              -0.104024297358546125
5800              -0.102564472001882567
5810              -0.101073400921162015
5820              -0.0995515337699561798
5830              -0.0979993406268384604
5840              -0.0964172893043713231
5850              -0.0948058636894471007
5860              -0.093165554819820251
5870              -0.0914968612118043367
5880              -0.0898002949809493245
5890              -0.088076363638293298
5900              -0.0863256064170441206
5910              -0.0845485409529214138
5920              -0.0827457222608214416
5930              -0.0809176923860248642
5940              -0.0790650068034537412
5950              -0.0771882365382614566
5960              -0.0752879456358916954
5970              -0.0733647201345859479
5980              -0.0714191416063245654
5990              -0.0694517988398568598
6000              -0.0674633039039389537
6010              -0.0654542505127699847
6020              -0.0634252556215599839
6030              -0.061376937252902497
6040              -0.059309917013571134
6050              -0.0572248283991805273
6060              -0.0551223036416987888
6070              -0.0530029850578670469
6080              -0.0508675194668755104
6090              -0.0487165508082862964
6100              -0.0465507452105238251
6110              -0.0443707529359693709
6120              -0.0421772429327447185
6130              -0.0399708811016417087
6140              -0.0377523422107772788
6150              -0.0355223014236454304
6160              -0.0332814362652111839
6170              -0.0310304332250357362
6180              -0.0287699723812506747
6190              -0.026500748290406051
6200              -0.0242234505781526721
6210              -0.0219387682784848437
6220              -0.0196474070712939763
6230              -0.0173500561371797701
6240              -0.0150474202398873658
6250              -0.0127401996536118389
6260              -0.0104290969193527872
6270              -0.00811481790827883742
6280              -0.00579806462025445057
6290              -0.00347954460039634483
6300              -0.00115996693484188285
6310              0.00115996693958297925
6320              0.00347954691262053473
6330              0.00579806404379556994
6340              0.00811481753825926688
6350              0.0104290964781581508
6360              0.0127402021329396931
6370              0.0150474194048166865
6380              0.0173500589781765413
6390              0.0196474071630010627
6400              0.0219387682320650867
6410              0.0242234520422615063
6420              0.0265007486091386468
6430              0.0287699720695009376
6440              0.0310304351232257858
6450              0.0332814363733913154
6460              0.0355223022023807289
6470              0.0377523417517169335
6480              0.0399708822686406506
6490              0.0421772417010819467
6500              0.0443707550230687531
6510              0.0465507452629783103
6520              0.0487165515297061091
6530              0.0508675182946269899
6540              0.0530029866351213741
6550              0.055122302334673634
6560              0.0572248315873666868
6570              0.0593099159587184843
6580              0.0613769362149447772
6590              0.0634252552100491584
6600              0.0654542518411647123
6610              0.0674633027593616319
6620              0.0694518006557247602
6630              0.0714191406556361486
6640              0.0733647194962872007
6650              0.0752879463744768884
6660              0.0771882368690794962
6670              0.0790650070832770169
6680              0.0809176917833314135
6690              0.0827457212513555973
6700              0.084548542151691386
6710              0.0863256054258689787
6720              0.0880763640246309265
6730              0.0898002949662686234
6740              0.0914968611628541595
6750              0.093165553923356903
6760              0.0948058632843302718
6770              0.0964172887254504118
6780              0.0979993405382915128
6790              0.0995515345066904089
6800              0.101073398334546205
6810              0.10256447161209703
6820              0.104024297720138215
6830              0.105452432664761453
6840              0.106848438386439426
6850              0.108211895451818307
6860              0.109542383463677062
6870              0.110839501470260338
6880              0.11210284834613482
6890              0.113332048666029195
6900              0.114526717342869233
6910              0.115686499234113782
6920              0.116811037803411288
6930              0.117899988162781355
6940              0.118953021699118366
6950              0.119969819374960096
6960              0.120950066563462855
6970              0.121893468062136634
6980              0.122799738650472001
6990              0.123668595243628054
7000              0.124499783309913958
7010              0.125293038707990689
7020              0.126048130692805849
7030              0.126764819763111269
7040              0.127442895153245139
7050              0.128082147191590501
7060              0.128682380164571342
7070              0.129243417345256795
7080              0.129765077261229322
7090              0.130247210901169197
7100              0.130689666515308112
7110              0.131092314058238735
7120              0.131455024964535205
7130              0.131777694284422431
7140              0.132060218255299233
7150              0.132302517575892509
7160              0.132504515209227236
7170              0.132666148074696011
7180              0.132787367962978742
7190              0.132868145209192434
