441568800         -2.3289939762479871e-09
441568801         -2.33449767797906351e-09
441568802         -2.32788439322195197e-09
441568803         -2.33349106205866906e-09
441568804         -2.32697290003277742e-09
441568805         -2.32628173299997605e-09
441568806         -2.32602112014217438e-09
441568807         -2.33136472730411858e-09
441568808         -2.32494252830303601e-09
441568809         -2.324346365843237e-09
441568810         -2.31789455465272215e-09
441568811         -2.32335097015058185e-09
441568812         -2.32281002533252141e-09
441568813         -2.32235732509421691e-09
441568814         -2.31593708241983829e-09
441568815         -2.32115691587240163e-09
441568816         -2.31487958704241676e-09
441568817         -2.31419652222478284e-09
441568818         -2.31978216511468699e-09
441568819         -2.31315744922300311e-09
441568820         -2.31280612969418091e-09
441568821         -2.31218742843558555e-09
441568822         -2.3116689305171609e-09
441568823         -2.31116664069201218e-09
441568824         -2.30460884936380051e-09
441568825         -2.31006992599819363e-09
441568826         -2.30960517017637232e-09
441568827         -2.30310282880995348e-09
441568828         -2.3084546506749265e-09
441568829         -2.3019510378623105e-09
441568830         -2.30754300329475613e-09
441568831         -2.30091772368330967e-09
441568832         -2.30036423658585542e-09
441568833         -2.29993763763332052e-09
441568834         -2.2993347332240588e-09
441568835         -2.29876547182613169e-09
441568836         -2.29824202265411407e-09
441568837         -2.29772559707219787e-09
441568838         -2.29113651017807293e-09
441568839         -2.29663175662971519e-09
441568840         -2.29609012468107443e-09
441568841         -2.28972085086807031e-09
441568842         -2.28913982866969927e-09
441568843         -2.29438316546270501e-09
441568844         -2.28800644277072594e-09
441568845         -2.28730601955529497e-09
441568846         -2.28681639690337685e-09
441568847         -2.28643601612459376e-09
441568848         -2.28580386122074398e-09
441568849         -2.28527667710860122e-09
441568850         -2.28463700020372172e-09
441568851         -2.2840512305456746e-09
441568852         -2.27766679577038261e-09
441568853         -2.28306539555208011e-09
441568854         -2.27642467723669899e-09
441568855         -2.28190695977618244e-09
441568856         -2.27546817805528469e-09
441568857         -2.27484080270163911e-09
441568858         -2.27421379864427385e-09
441568859         -2.27390728514372332e-09
441568860         -2.27308725347245004e-09
441568861         -2.27253539904805809e-09
441568862         -2.27200902103491676e-09
441568863         -2.27156444826182525e-09
441568864         -2.27088488183279664e-09
441568865         -2.26443973317074244e-09
441568866         -2.26967521642683966e-09
441568867         -2.2634703151833513e-09
441568868         -2.26855363709397024e-09
441568869         -2.26225114169868718e-09
441568870         -2.26148530457487827e-09
441568871         -2.26708290469753025e-09
441568872         -2.26035073894305378e-09
441568873         -2.25986017482734233e-09
441568874         -2.25933773789506692e-09
441568875         -2.2586456647317634e-09
441568876         -2.25229018340775196e-09
441568877         -2.25758535308272887e-09
441568878         -2.25689395742151085e-09
441568879         -2.25050239255812566e-09
441568880         -2.255941484299351e-09
441568881         -2.24926040882911024e-09
441568882         -2.25477450949527765e-09
441568883         -2.24811458012953497e-09
441568884         -2.24753903511442577e-09
441568885         -2.24695865592416606e-09
441568886         -2.24645739694497975e-09
441568887         -2.24570266295137636e-09
441568888         -2.24539480610640415e-09
441568889         -2.24455125373529086e-09
441568890         -2.24413204182282335e-09
441568891         -2.23761008775417639e-09
441568892         -2.24280855831143468e-09
441568893         -2.23645504183200961e-09
441568894         -2.24164199412377794e-09
441568895         -2.23524810463335741e-09
441568896         -2.24063256685811742e-09
441568897         -2.23384074309538781e-09
441568898         -2.23353030196637327e-09
441568899         -2.23273052801687138e-09
441568900         -2.23234235236108003e-09
441568901         -2.23155463501086283e-09
441568902         -2.23099292136551404e-09
441568903         -2.22460670081926327e-09
441568904         -2.22980132981690173e-09
441568905         -2.22928695971778165e-09
441568906         -2.22274888957834532e-09
441568907         -2.22793753194650944e-09
441568908         -2.22152037420429414e-09
441568909         -2.2209712752943051e-09
441568910         -2.22613757967034609e-09
441568911         -2.21973871495502556e-09
441568912         -2.219068244378283e-09
441568913         -2.21838987015315029e-09
441568914         -2.21794362194234446e-09
441568915         -2.2171928842843984e-09
441568916         -2.21674534012890301e-09
441568917         -2.21004424589533093e-09
441568918         -2.21535549741382261e-09
441568919         -2.21491892258060725e-09
441568920         -2.20829105600605581e-09
441568921         -2.21355161580103088e-09
441568922         -2.20699041319989486e-09
441568923         -2.20647578234354147e-09
441568924         -2.20595202778405176e-09
441568925         -2.21095902179765761e-09
441568926         -2.20461605193409692e-09
441568927         -2.20393714795132846e-09
441568928         -2.19738772064989159e-09
441568929         -2.20278182313032891e-09
441568930         -2.20210683596375808e-09
441568931         -2.2014717276256098e-09
441568932         -2.19499239539464715e-09
441568933         -2.20025691725551434e-09
441568934         -2.19358603505240715e-09
441568935         -2.1989226849160494e-09
441568936         -2.19261997812514896e-09
441568937         -2.19180558231336802e-09
441568938         -2.19111460223826772e-09
441568939         -2.19644979731753903e-09
441568940         -2.18993738328992425e-09
441568941         -2.18922284248172201e-09
441568942         -2.18270910308481988e-09
441568943         -2.18820123534225195e-09
441568944         -2.18746925994179431e-09
441568945         -2.18664525476780807e-09
441568946         -2.18014433962816347e-09
441568947         -2.18557747686061813e-09
441568948         -2.17891554149595587e-09
441568949         -2.18403515182845828e-09
441568950         -2.17781140463873373e-09
441568951         -2.17707105779171436e-09
441568952         -2.17638628652869353e-09
441568953         -2.17567842711555205e-09
441568954         -2.17500292828217919e-09
441568955         -2.17438715964121386e-09
441568956         -2.17391072222542304e-09
441568957         -2.17318903793645805e-09
441568958         -2.172549124457523e-09
441568959         -2.16586965878881384e-09
441568960         -2.17122119806685021e-09
441568961         -2.16475714589867412e-09
441568962         -2.16981784817894988e-09
441568963         -2.16341319784449664e-09
441568964         -2.16268155543947467e-09
441568965         -2.16210273059044707e-09
441568966         -2.1673288323412774e-09
441568967         -2.16082866937783522e-09
441568968         -2.16001494234110968e-09
441568969         -2.15950613234881414e-09
441568970         -2.1527886388303841e-09
441568971         -2.15821429632359811e-09
441568972         -2.15749436691063095e-09
441568973         -2.15083148602295855e-09
441568974         -2.15635877881793753e-09
441568975         -2.14953001634634469e-09
441568976         -2.15479216510087777e-09
441568977         -2.14829160673716846e-09
441568978         -2.14740042104702295e-09
441568979         -2.15292465185523323e-09
441568980         -2.14646204404130259e-09
441568981         -2.1455064762400191e-09
441568982         -2.14492729943768792e-09
441568983         -2.14434756998997093e-09
441568984         -2.13766142415441863e-09
441568985         -2.1428701689090168e-09
441568986         -2.14252184915133123e-09
441568987         -2.14154856110441444e-09
441568988         -2.13494245428022088e-09
441568989         -2.14036194242174185e-09
441568990         -2.13375613638515832e-09
441568991         -2.13295387566548475e-09
441568992         -2.13836992075778262e-09
441568993         -2.13158788120037984e-09
441568994         -2.1310266232486386e-09
441568995         -2.13025622353662245e-09
441568996         -2.12970138779032181e-09
441568997         -2.12883703093955565e-09
441568998         -2.12839422199724466e-09
441568999         -2.12149457565004122e-09
441569000         -2.12715619875073885e-09
441569001         -2.12620348796173846e-09
441569002         -2.11964879744720053e-09
441569003         -2.12494865848451249e-09
441569004         -2.11827674256190678e-09
441569005         -2.11758829859337503e-09
441569006         -2.12293301064428622e-09
441569007         -2.11607291622212913e-09
441569008         -2.11562939706003289e-09
441569009         -2.11496427056544588e-09
441569010         -2.11417496511056183e-09
441569011         -2.11335502693192323e-09
441569012         -2.11283463951009403e-09
441569013         -2.10619117119104349e-09
441569014         -2.11147725396710092e-09
441569015         -2.11076373573632066e-09
441569016         -2.10403869338392585e-09
441569017         -2.10941659941138127e-09
441569018         -2.10263065555476391e-09
441569019         -2.10208037874088623e-09
441569020         -2.1073266401785663e-09
441569021         -2.10060899548356525e-09
441569022         -2.09987616656524965e-09
441569023         -2.0993119867872171e-09
441569024         -2.0986068366574335e-09
441569025         -2.09779810292652546e-09
441569026         -2.09715097907420391e-09
441569027         -2.09060683712623069e-09
441569028         -2.09570351038752319e-09
441569029         -2.09505936882161617e-09
441569030         -2.08846139014230012e-09
441569031         -2.09367156156084741e-09
441569032         -2.08703905101607306e-09
441569033         -2.09218533133500878e-09
441569034         -2.08563359890636991e-09
441569035         -2.08493440392667343e-09
441569036         -2.08409812962720129e-09
441569037         -2.08353875189378538e-09
441569038         -2.08265978856763298e-09
441569039         -2.08220389881479464e-09
441569040         -2.08126451900138805e-09
441569041         -2.08078498280841237e-09
441569042         -2.0798590599446019e-09
441569043         -2.07336360625946912e-09
441569044         -2.07850335096933454e-09
441569045         -2.07186828212557954e-09
441569046         -2.07710952782886001e-09
441569047         -2.07051420575254797e-09
441569048         -2.06973169464140836e-09
441569049         -2.07479246254903587e-09
441569050         -2.06823912883501737e-09
441569051         -2.06766488980299033e-09
441569052         -2.06678066377963949e-09
441569053         -2.06627422871848151e-09
441569054         -2.06528221751912248e-09
441569055         -2.06464223227284606e-09
441569056         -2.05805503006604521e-09
441569057         -2.06336955985746622e-09
441569058         -2.06251589054186422e-09
441569059         -2.05583990685277342e-09
441569060         -2.06104512045337791e-09
441569061         -2.05439662946814762e-09
441569062         -2.05366566864695704e-09
441569063         -2.05887678045179566e-09
441569064         -2.05230014948557274e-09
441569065         -2.0515049009613792e-09
441569066         -2.05078110897984726e-09
441569067         -2.04995680940970683e-09
441569068         -2.04932044856110718e-09
441569069         -2.0485689451626525e-09
441569070         -2.04778141777943267e-09
441569071         -2.0411981515942626e-09
441569072         -2.04632255132134824e-09
441569073         -2.03968623626564248e-09
441569074         -2.04491865329236825e-09
441569075         -2.03819804321672777e-09
441569076         -2.04337978699829155e-09
441569077         -2.0368699942852658e-09
441569078         -2.03592822149189877e-09
441569079         -2.03524339844552202e-09
441569080         -2.04046774984685226e-09
441569081         -2.03382340423827841e-09
441569082         -2.03297759542134873e-09
441569083         -2.02627521890218157e-09
441569084         -2.03172151002893974e-09
441569085         -2.03074691165734107e-09
441569086         -2.03009649524675713e-09
441569087         -2.0233635775138075e-09
441569088         -2.02853697583213416e-09
441569089         -2.0219140038175433e-09
441569090         -2.02718408275462394e-09
441569091         -2.02025829076329316e-09
441569092         -2.01952223350318794e-09
441569093         -2.02494424425790032e-09
441569094         -2.01810093318393119e-09
441569095         -2.01744623843924263e-09
441569096         -2.01669039660541094e-09
441569097         -2.01576772272836895e-09
441569098         -2.01519905833656438e-09
441569099         -2.00849879738949478e-09
441569100         -2.01344348993869482e-09
441569101         -2.01284314364337675e-09
441569102         -2.00615951003487985e-09
441569103         -2.01129254319764423e-09
441569104         -2.00471021279751708e-09
441569105         -2.00976617029164391e-09
441569106         -2.00322476401075492e-09
441569107         -2.00235872635994708e-09
441569108         -2.00741380459979812e-09
441569109         -2.00080299699575207e-09
441569110         -2.00017912212441511e-09
441569111         -1.99924527190601885e-09
441569112         -1.99852208116870571e-09
441569113         -1.9978285791080588e-09
441569114         -1.99105648520022104e-09
441569115         -1.99627567465407464e-09
441569116         -1.99545562951395511e-09
441569117         -1.98866801387320409e-09
441569118         -1.99401179630961474e-09
441569119         -1.98714589593606335e-09
441569120         -1.99238231248631452e-09
441569121         -1.98578641674835612e-09
441569122         -1.98482252325168859e-09
441569123         -1.99000550806590769e-09
441569124         -1.98346211231569562e-09
441569125         -1.98253408912709201e-09
441569126         -1.98183342133887485e-09
441569127         -1.98097204169099542e-09
441569128         -1.98029235234720597e-09
441569129         -1.97358827334724917e-09
441569130         -1.97865930510474627e-09
441569131         -1.97803693017335152e-09
441569132         -1.97110155014426694e-09
441569133         -1.97639745555979764e-09
441569134         -1.96960772510964598e-09
441569135         -1.9748046225976645e-09
441569136         -1.96796443375945439e-09
441569137         -1.96736739065928958e-09
441569138         -1.97242231897700226e-09
441569139         -1.96572038587804443e-09
441569140         -1.96494219177260967e-09
441569141         -1.96408445214395772e-09
441569142         -1.96344744589812414e-09
441569143         -1.9624930751770225e-09
441569144         -1.95584460513242198e-09
441569145         -1.96102560495773848e-09
441569146         -1.96007274797177121e-09
441569147         -1.95358374398059443e-09
441569148         -1.95857351607731655e-09
441569149         -1.9519158665085236e-09
441569150         -1.95698107965146068e-09
441569151         -1.95026642562206156e-09
441569152         -1.94954261132114859e-09
441569153         -1.95448837638758249e-09
441569154         -1.94796267644236764e-09
441569155         -1.9471087284863077e-09
441569156         -1.94638005679202227e-09
441569157         -1.94541299066798773e-09
441569158         -1.94470366727924138e-09
441569159         -1.94384900539436133e-09
441569160         -1.93724929153425423e-09
441569161         -1.94226141597332654e-09
441569162         -1.94150686466829214e-09
441569163         -1.93470385157646349e-09
441569164         -1.93994195070220026e-09
441569165         -1.93315061816684158e-09
441569166         -1.93240128234719238e-09
441569167         -1.93740810119353771e-09
441569168         -1.93080206982448169e-09
441569169         -1.92990204711080118e-09
441569170         -1.92909068256045625e-09
441569171         -1.92826488286063493e-09
441569172         -1.92739921947407776e-09
441569173         -1.92667237428460526e-09
441569174         -1.92578846622097516e-09
441569175         -1.92527362099880395e-09
441569176         -1.92426908613604197e-09
441569177         -1.9174055354387651e-09
441569178         -1.92263421944550339e-09
441569179         -1.91578991088663946e-09
441569180         -1.9210857948986038e-09
441569181         -1.9141558061543394e-09
441569182         -1.91337208532122325e-09
441569183         -1.91848383320321812e-09
441569184         -1.91188451904228211e-09
441569185         -1.91091822317992028e-09
441569186         -1.9101806017905349e-09
441569187         -1.90920298213032718e-09
441569188         -1.90854508451040412e-09
441569189         -1.90763215420857318e-09
441569190         -1.90691267258840456e-09
441569191         -1.90592496129459777e-09
441569192         -1.89933329408281779e-09
441569193         -1.90429068712842122e-09
441569194         -1.89766642252862899e-09
441569195         -1.90270631269657844e-09
441569196         -1.89595607090072587e-09
441569197         -1.9010736769216281e-09
441569198         -1.89423486651543504e-09
441569199         -1.89332062651825447e-09
441569200         -1.89869262730314152e-09
441569201         -1.89179955531261989e-09
441569202         -1.89100007765844579e-09
441569203         -1.89017549348370977e-09
441569204         -1.88910805324373263e-09
441569205         -1.88254885355976217e-09
441569206         -1.88770155027622547e-09
441569207         -1.88676390082237119e-09
441569208         -1.88594440436378466e-09
441569209         -1.87923505005547351e-09
441569210         -1.88424006175481565e-09
441569211         -1.8774223449978691e-09
441569212         -1.88252820610986987e-09
441569213         -1.87592218360839847e-09
441569214         -1.87496869135188314e-09
441569215         -1.88001942350542619e-09
441569216         -1.8733179372626834e-09
441569217         -1.87244664133366455e-09
441569218         -1.87147442384268014e-09
441569219         -1.87087437348673751e-09
441569220         -1.87002368784352755e-09
441569221         -1.86896253422071805e-09
441569222         -1.86825837317774243e-09
441569223         -1.86132439916141101e-09
441569224         -1.86652612047649103e-09
441569225         -1.86579179757883385e-09
441569226         -1.85880306010099484e-09
441569227         -1.86403493858462605e-09
441569228         -1.85710525179087182e-09
441569229         -1.856374510526739e-09
441569230         -1.86136542023031978e-09
441569231         -1.85462858021405792e-09
441569232         -1.85392537779197135e-09
441569233         -1.85287751489614552e-09
441569234         -1.85206961271958076e-09
441569235         -1.85114200466944127e-09
441569236         -1.85045899167181069e-09
441569237         -1.84935637403545901e-09
441569238         -1.84859380592949708e-09
441569239         -1.8420357359399395e-09
441569240         -1.84680163333281398e-09
441569241         -1.84600282169026354e-09
441569242         -1.83915190926971143e-09
441569243         -1.84445909268446324e-09
441569244         -1.83767276504663079e-09
441569245         -1.84234103109946687e-09
441569246         -1.83587416621351701e-09
441569247         -1.83499812258323901e-09
441569248         -1.83400257743587534e-09
441569249         -1.83310334648757568e-09
441569250         -1.83242099761787335e-09
441569251         -1.83133169686029686e-09
441569252         -1.8306890855216395e-09
441569253         -1.82984135140399224e-09
441569254         -1.8286494970122552e-09
441569255         -1.8280789082952867e-09
441569256         -1.82122283651357711e-09
441569257         -1.82628105706879471e-09
441569258         -1.8252490852895025e-09
441569259         -1.81860164989114057e-09
441569260         -1.82360405943646716e-09
441569261         -1.81679730116263434e-09
441569262         -1.81597353313146312e-09
441569263         -1.82098655024270314e-09
441569264         -1.81415660506512387e-09
441569265         -1.81328391083293656e-09
441569266         -1.81258404562229055e-09
441569267         -1.81141309337837929e-09
441569268         -1.81066156164644754e-09
441569269         -1.80979394765451679e-09
441569270         -1.80898806109653876e-09
441569271         -1.8020232243240691e-09
441569272         -1.80708301424493446e-09
441569273         -1.80618604455543137e-09
441569274         -1.79955981146704754e-09
441569275         -1.80444831522317369e-09
441569276         -1.79767637890937926e-09
441569277         -1.8026616250181117e-09
441569278         -1.79587355347394042e-09
441569279         -1.79494957023406217e-09
441569280         -1.8000436831324095e-09
441569281         -1.79313054422748965e-09
441569282         -1.79237608346921853e-09
441569283         -1.79159249330389476e-09
441569284         -1.79046926550663515e-09
441569285         -1.78964384988305778e-09
441569286         -1.78869310637215618e-09
441569287         -1.78794989709865881e-09
441569288         -1.78097845012743059e-09
441569289         -1.78617179398759016e-09
441569290         -1.78513317163799698e-09
441569291         -1.77844746333427949e-09
441569292         -1.78324982804378887e-09
441569293         -1.77657814966678219e-09
441569294         -1.78156401333238692e-09
441569295         -1.77478755923179749e-09
441569296         -1.7738495744056272e-09
441569297         -1.77290514549697178e-09
441569298         -1.77797343217772211e-09
441569299         -1.77112591321547608e-09
441569300         -1.7703999655765649e-09
441569301         -1.76917369729388022e-09
441569302         -1.76842818373545254e-09
441569303         -1.76159681825784151e-09
441569304         -1.76677204835585231e-09
441569305         -1.76566559586064595e-09
441569306         -1.76483191203954493e-09
441569307         -1.75789962643427967e-09
441569308         -1.76310174360236261e-09
441569309         -1.75608550120177938e-09
441569310         -1.76114872271390095e-09
441569311         -1.7541820007754277e-09
441569312         -1.75346675054731723e-09
441569313         -1.75855630899637853e-09
441569314         -1.75165345280071869e-09
441569315         -1.75065085055697939e-09
441569316         -1.74965153527711788e-09
441569317         -1.74876085199576382e-09
441569318         -1.74792299344150539e-09
441569319         -1.74708748438142925e-09
441569320         -1.74609638395907418e-09
441569321         -1.74533603166692691e-09
441569322         -1.73818038643374497e-09
441569323         -1.7432852882546551e-09
441569324         -1.74256424172465555e-09
441569325         -1.73552436180099161e-09
441569326         -1.74060560272482113e-09
441569327         -1.73368752916216199e-09
441569328         -1.73866290446891602e-09
441569329         -1.73182845979076877e-09
441569330         -1.73108930755143547e-09
441569331         -1.73005793795035154e-09
441569332         -1.73502192801592312e-09
441569333         -1.7280627119116084e-09
441569334         -1.7272408928014328e-09
441569335         -1.72644895841714677e-09
441569336         -1.72538359703478622e-09
441569337         -1.7183613472503965e-09
441569338         -1.72368367270293342e-09
441569339         -1.72251908337580266e-09
441569340         -1.72159574788826065e-09
441569341         -1.71499511878611136e-09
441569342         -1.71964804390217605e-09
441569343         -1.71311579744701362e-09
441569344         -1.71788262416957712e-09
441569345         -1.71103273862674725e-09
441569346         -1.71608671661948436e-09
441569347         -1.70923099537495176e-09
441569348         -1.70815798392346211e-09
441569349         -1.707438908868153e-09
441569350         -1.70627969366576885e-09
441569351         -1.70548913470155659e-09
441569352         -1.70440671004752684e-09
441569353         -1.70373708063677105e-09
441569354         -1.70260412128137188e-09
441569355         -1.70166719800173421e-09
441569356         -1.70065670088308601e-09
441569357         -1.69981610682348362e-09
441569358         -1.69291212934972548e-09
441569359         -1.69792500860290234e-09
441569360         -1.69103136187793073e-09
441569361         -1.6959618864081191e-09
441569362         -1.68916847804471266e-09
441569363         -1.69425071776587483e-09
441569364         -1.68717622656307605e-09
441569365         -1.6864001969146539e-09
441569366         -1.69118568038215084e-09
441569367         -1.68435453259551119e-09
441569368         -1.68349503438770285e-09
441569369         -1.68244973551431885e-09
441569370         -1.68152129683736695e-09
441569371         -1.68065616367382397e-09
441569372         -1.67961187810168983e-09
441569373         -1.67273064793031353e-09
441569374         -1.67771588395883112e-09
441569375         -1.67663117447017613e-09
441569376         -1.67011202037151994e-09
441569377         -1.67470909851247286e-09
441569378         -1.67383924294643058e-09
441569379         -1.66709596068414698e-09
441569380         -1.66607916379375064e-09
441569381         -1.67094813295572317e-09
441569382         -1.66409386062248321e-09
441569383         -1.66311090362378597e-09
441569384         -1.66825979989601898e-09
441569385         -1.66136721706660087e-09
441569386         -1.66016954786724045e-09
441569387         -1.65928972429616058e-09
441569388         -1.65824710082798302e-09
441569389         -1.65736915941869264e-09
441569390         -1.65650182600684588e-09
441569391         -1.6495692606253706e-09
441569392         -1.65441622184620372e-09
441569393         -1.65351985769889695e-09
441569394         -1.64668573658530731e-09
441569395         -1.6515689336318373e-09
441569396         -1.64454598576846679e-09
441569397         -1.64970953118721041e-09
441569398         -1.6426917637747976e-09
441569399         -1.64788086377117928e-09
441569400         -1.64058190019341997e-09
