0                 15235.7228393555
10                15235.7210144043
20                15234.1243377686
30                15230.9332977295
40                15226.1488647461
50                15219.7725067139
60                15211.806161499 
70                15202.2522613525
80                15191.1137145996
90                15178.3939117432
100               15164.0967376709
110               15148.2265472412
120               15130.7881744385
130               15111.7869262695
140               15091.2286071777
150               15069.1194641113
160               15045.4662445068
170               15020.2761535645
180               14993.5568634033
190               14965.3165130615
200               14935.5637054443
210               14904.3075195313
220               14871.5574493408
230               14837.3234985352
240               14801.6160827637
250               14764.4460845947
260               14725.824822998 
270               14685.7640686035
280               14644.2760253906
290               14601.3733276367
300               14557.0690460205
310               14511.3766784668
320               14464.3101470947
330               14415.883782959 
340               14366.1123413086
350               14315.0109832764
360               14262.5952758789
370               14208.8811889648
380               14153.8850799561
390               14097.6237030029
400               14040.1141967773
410               13981.3740753174
420               13921.4212463379
430               13860.2739562988
440               13797.9508331299
450               13734.4708709717
460               13669.8533935547
470               13604.1180999756
480               13537.2850006104
490               13469.3744598389
500               13400.4071533203
510               13330.4041107178
520               13259.3866333008
530               13187.3763580322
540               13114.3952301025
550               13040.4654724121
560               12965.6096008301
570               12889.8504241943
580               12813.2110137939
590               12735.7147155762
600               12657.3851348877
610               12578.2461273193
620               12498.3218078613
630               12417.6365112305
640               12336.2148223877
650               12254.0815338135
660               12171.2616668701
670               12087.780456543 
680               12003.6633117676
690               11918.9358764648
700               11833.6239379883
710               11747.7534973145
720               11661.3507019043
730               11574.4418701172
740               11487.0534820557
750               11399.2121398926
760               11310.9446136475
770               11222.2777832031
780               11133.238659668 
790               11043.8543579102
800               10954.1521057129
810               10864.1592315674
820               10773.9031402588
830               10683.411315918 
840               10592.711340332 
850               10501.8308288574
860               10410.7974609375
870               10319.6389678955
880               10228.383114624 
890               10137.0577056885
900               10045.690536499 
910               9954.30946350098
920               9862.94229431152
930               9771.61688537598
940               9680.36103210449
950               9589.2025390625 
960               9498.16917114258
970               9407.28865966797
980               9316.58868103027
990               9226.09686279297
1000              9135.84076843262
1010              9045.84789123535
1020              8956.14564208984
1030              8866.76134033203
1040              8777.72221679688
1050              8689.05538330078
1060              8600.78786010742
1070              8512.94651794434
1080              8425.55812988281
1090              8338.6492980957 
1100              8252.24649963379
1110              8166.37605895996
1120              8081.06412353516
1130              7996.33668518066
1140              7912.21954650879
1150              7828.73832702637
1160              7745.91846313477
1170              7663.7851776123 
1180              7582.36348571777
1190              7501.67819213867
1200              7421.75386657715
1210              7342.61486206055
1220              7264.28528442383
1230              7186.78898010254
1240              7110.14957275391
1250              7034.39039611816
1260              6959.53452453613
1270              6885.6047668457 
1280              6812.62363586426
1290              6740.61336364746
1300              6669.59588623047
1310              6599.59283752441
1320              6530.62554016113
1330              6462.71499328613
1340              6395.8818939209 
1350              6330.1466003418 
1360              6265.52912597656
1370              6202.0491607666 
1380              6139.72603759766
1390              6078.57875061035
1400              6018.62591552734
1410              5959.8858001709 
1420              5902.37629089356
1430              5846.11491394043
1440              5791.11880493164
1450              5737.40471496582
1460              5684.98901367188
1470              5633.88764953613
1480              5584.1162109375 
1490              5535.68984985352
1500              5488.62331237793
1510              5442.93094787598
1520              5398.62666625977
1530              5355.72396850586
1540              5314.23592529297
1550              5274.17516784668
1560              5235.55390930176
1570              5198.38391113281
1580              5162.67649230957
1590              5128.44254455566
1600              5095.69247741699
1610              5064.43628540039
1620              5034.68348083496
1630              5006.44312744141
1640              4979.72384338379
1650              4954.53374633789
1660              4930.88052978516
1670              4908.77138671875
1680              4888.21306762695
1690              4869.21181945801
1700              4851.77344665527
1710              4835.90325622559
1720              4821.60608215332
1730              4808.88628234863
1740              4797.74773254394
1750              4788.19383239746
1760              4780.22749023438
1770              4773.85112915039
1780              4769.06669921875
1790              4765.87565612793
1800              4764.27898254394
1810              4764.27715454102
1820              4765.87017822266
1830              4769.05757446289
1840              4773.83836975098
1850              4780.21110839844
1860              4788.17385253906
1870              4797.72418212891
1880              4808.85918273926
1890              4821.57547302246
1900              4835.86916503906
1910              4851.73592834473
1920              4869.17091064453
1930              4888.16881408691
1940              4908.72385864258
1950              4930.82976379394
1960              4954.4798248291 
1970              4979.66681518555
1980              5006.38307495117
1990              5034.62046813965
2000              5064.37039489746
2010              5095.62378845215
2020              5128.37113342285
2030              5162.6024597168 
2040              5198.30733642578
2050              5235.47489318848
2060              5274.09379882812
2070              5314.15230712891
2080              5355.6382019043 
2090              5398.53885192871
2100              5442.84120178223
2110              5488.53174133301
2120              5535.59655761719
2130              5584.02131958008
2140              5633.79127197266
2150              5684.89126281738
2160              5737.30571899414
2170              5791.01867675781
2180              5846.01378479004
2190              5902.27427062988
2200              5959.78301696777
2210              6018.52250366211
2220              6078.4748260498 
2230              6139.6217376709 
2240              6201.94460449219
2250              6265.42443847656
2260              6330.04191589355
2270              6395.77733459473
2280              6462.61069030762
2290              6530.52161560059
2300              6599.48942565918
2310              6669.49311218262
2320              6740.51134338379
2330              6812.52250061035
2340              6885.50463867188
2350              6959.43552856445
2360              7034.29264831543
2370              7110.05319519043
2380              7186.69408569336
2390              7264.19199523926
2400              7342.52328796387
2410              7421.6641204834 
2420              7501.59038391113
2430              7582.2777130127 
2440              7663.7015625    
2450              7745.83709106445
2460              7828.65931091309
2470              7912.14297180176
2480              7996.26264953613
2490              8080.99271850586
2500              8166.30736694336
2510              8252.18060913086
2520              8338.58628845215
2530              8425.49807434082
2540              8512.88949279785
2550              8600.73393249512
2560              8689.00462646484
2570              8777.67467956543
2580              8866.71709289551
2590              8956.10473022461
2600              9045.81037292481
2610              9135.80668029785
2620              9226.06625061035
2630              9316.5615814209 
2640              9407.26510620117
2650              9498.14919738769
2660              9589.1861541748 
2670              9680.34827270508
2680              9771.60776062012
2690              9862.93681640625
2700              9954.30763549805
2710              10045.692364502 
2720              10137.0631835937
2730              10228.3922393799
2740              10319.6517303467
2750              10410.8138397217
2760              10501.8508056641
2770              10592.7348937988
2780              10683.4384185791
2790              10773.9337493896
2800              10864.1933197021
2810              10954.1896270752
2820              11043.8952667236
2830              11133.2829071045
2840              11222.3253204346
2850              11310.9953735352
2860              11399.2660675049
2870              11487.1105041504
2880              11574.5019256592
2890              11661.4137115479
2900              11747.8193878174
2910              11833.6926300049
2920              11919.0072814941
2930              12003.7373474121
2940              12087.8570281982
2950              12171.3406890869
2960              12254.162902832 
2970              12336.2984375   
2980              12417.7222839355
2990              12498.4096130371
3000              12578.3358764648
3010              12657.4767089844
3020              12735.8080047607
3030              12813.3059082031
3040              12889.9468017578
3050              12965.7073486328
3060              13040.5644683838
3070              13114.4953582764
3080              13187.4774932861
3090              13259.4886505127
3100              13330.5068847656
3110              13400.5105712891
3120              13469.4783782959
3130              13537.3893035889
3140              13604.2226623535
3150              13669.9580810547
3160              13734.5755554199
3170              13798.0553924561
3180              13860.3782562256
3190              13921.5251647949
3200              13981.4774932861
3210              14040.216973877 
3220              14097.7257232666
3230              14153.9862121582
3240              14208.9813171387
3250              14262.6942718506
3260              14315.1087310791
3270              14366.2087219238
3280              14415.9786743164
3290              14464.4034362793
3300              14511.4682525635
3310              14557.1587921143
3320              14601.461138916 
3330              14644.3617919922
3340              14685.8476867676
3350              14725.9061950684
3360              14764.525100708 
3370              14801.6926574707
3380              14837.3975341797
3390              14871.6288574219
3400              14904.3762054443
3410              14935.629598999 
3420              14965.3795257568
3430              14993.6169158936
3440              15020.3331817627
3450              15045.5201690674
3460              15069.1702270508
3470              15091.2761383057
3480              15111.8311767578
3490              15130.829083252 
3500              15148.2640655518
3510              15164.1308288574
3520              15178.4245239258
3530              15191.1408111572
3540              15202.2758148193
3550              15211.8261413574
3560              15219.788885498 
3570              15226.1616241455
3580              15230.9424224854
3590              15234.1298187256
3600              15235.7228393555
