441568800         -16134.8205871582
441568801         -16132.6148071289
441568802         -16130.4097900391
441568803         -16128.2037658691
441568804         -16126.0018615723
441568805         -16123.797088623
441568806         -16121.5949401855
441568807         -16119.393371582
441568808         -16117.192565918
441568809         -16114.9923706055
441568810         -16112.7928771973
441568811         -16110.5923461914
441568812         -16108.3961181641
441568813         -16106.1969604492
441568814         -16104.0003356934
441568815         -16101.8060913086
441568816         -16099.6090698242
441568817         -16097.4127502441
441568818         -16095.2206726074
441568819         -16093.0275268555
441568820         -16090.8333740234
441568821         -16088.6432800293
441568822         -16086.4505615234
441568823         -16084.2602233887
441568824         -16082.0705871582
441568825         -16079.881652832
441568826         -16077.6934814453
441568827         -16075.5042114258
441568828         -16073.3192443848
441568829         -16071.1313171387
441568830         -16068.9460449219
441568831         -16066.7613525391
441568832         -16064.5791625977
441568833         -16062.3924560547
441568834         -16060.2117004395
441568835         -16058.0299072266
441568836         -16055.847076416
441568837         -16053.6684570312
441568838         -16051.487121582
441568839         -16049.3080749512
441568840         -16047.1299743652
441568841         -16044.952545166
441568842         -16042.7757263184
441568843         -16040.599609375
441568844         -16038.4225769043
441568845         -16036.2497558594
441568846         -16034.0741271973
441568847         -16031.9010314941
441568848         -16029.7284851074
441568849         -16027.556854248
441568850         -16025.3858947754
441568851         -16023.215637207
441568852         -16021.044342041
441568853         -16018.8773498535
441568854         -16016.7075195312
441568855         -16014.5401000977
441568856         -16012.3736572266
441568857         -16010.2077026367
441568858         -16008.0425415039
441568859         -16005.8782348633
441568860         -16003.7144470215
441568861         -16001.5498046875
441568862         -15999.3875732422
441568863         -15997.227935791
441568864         -15995.0654296875
441568865         -15992.9053649902
441568866         -15990.7461547852
441568867         -15988.5858459473
441568868         -15986.429901123
441568869         -15984.272857666
441568870         -15982.1146850586
441568871         -15979.9592895508
441568872         -15977.8043518066
441568873         -15975.6520690918
441568874         -15973.4952087402
441568875         -15971.3444824219
441568876         -15969.192565918
441568877         -15967.039642334
441568878         -15964.8911132812
441568879         -15962.7397460938
441568880         -15960.5909118652
441568881         -15958.4445495605
441568882         -15956.2936401367
441568883         -15954.1488037109
441568884         -15952.0029602051
441568885         -15949.8579406738
441568886         -15947.711730957
441568887         -15945.5679931641
441568888         -15943.4270935059
441568889         -15941.2831420898
441568890         -15939.1418762207
441568891         -15937.0012512207
441568892         -15934.8595581055
441568893         -15932.7224121094
441568894         -15930.5839538574
441568895         -15928.4446716309
441568896         -15926.3078918457
441568897         -15924.1718139648
441568898         -15922.0365905762
441568899         -15919.9020385742
441568900         -15917.7682800293
441568901         -15915.6351928711
441568902         -15913.5012512207
441568903         -15911.3715820312
441568904         -15909.2390136719
441568905         -15907.1091308594
441568906         -15904.9817504883
441568907         -15902.8497314453
441568908         -15900.723815918
441568909         -15898.5970153809
441568910         -15896.4708557129
441568911         -15894.34375    
441568912         -15892.220916748
441568913         -15890.0953674316
441568914         -15887.9723815918
441568915         -15885.8500671387
441568916         -15883.728515625
441568917         -15881.6078796387
441568918         -15879.4860839844
441568919         -15877.3687744141
441568920         -15875.2485961914
441568921         -15873.1326293945
441568922         -15871.0141296387
441568923         -15868.8980102539
441568924         -15866.7827453613
441568925         -15864.6682739258
441568926         -15862.5526733398
441568927         -15860.4414978027
441568928         -15858.3276367188
441568929         -15856.2178955078
441568930         -15854.1055603027
441568931         -15851.9956970215
441568932         -15849.88671875 
441568933         -15847.7784118652
441568934         -15845.6708984375
441568935         -15843.5624694824
441568936         -15841.4582824707
441568937         -15839.3514099121
441568938         -15837.248840332
441568939         -15835.1435546875
441568940         -15833.040802002
441568941         -15830.9387207031
441568942         -15828.8375549316
441568943         -15826.7353820801
441568944         -15824.6376342773
441568945         -15822.5369567871
441568946         -15820.4407348633
441568947         -15818.341796875
441568948         -15816.245300293
441568949         -15814.149597168
441568950         -15812.0548095703
441568951         -15809.960723877
441568952         -15807.8657531738
441568953         -15805.7750549316
441568954         -15803.6815185547
441568955         -15801.5924987793
441568956         -15799.5006103516
441568957         -15797.4114990234
441568958         -15795.3228149414
441568959         -15793.2351989746
441568960         -15791.1466369629
441568961         -15789.062286377
441568962         -15786.9770202637
441568963         -15784.8908081055
441568964         -15782.8071594238
441568965         -15780.7243041992
441568966         -15778.6421508789
441568967         -15776.5609741211
441568968         -15774.4805908203
441568969         -15772.4009399414
441568970         -15770.3202819824
441568971         -15768.2440185547
441568972         -15766.1650695801
441568973         -15764.0887756348
441568974         -15762.0130615234
441568975         -15759.9383544922
441568976         -15757.8643188477
441568977         -15755.791229248
441568978         -15753.7170410156
441568979         -15751.6473693848
441568980         -15749.5748291016
441568981         -15747.5067138672
441568982         -15745.4358215332
441568983         -15743.3676452637
441568984         -15741.3001098633
441568985         -15739.2334899902
441568986         -15737.1659240723
441568987         -15735.1026611328
441568988         -15733.0367431641
441568989         -15730.9751586914
441568990         -15728.9107971191
441568991         -15726.8490905762
441568992         -15724.7882080078
441568993         -15722.7280578613
441568994         -15720.6689147949
441568995         -15718.6086425781
441568996         -15716.5528259277
441568997         -15714.4942626953
441568998         -15712.4400939941
441568999         -15710.3831176758
441569000         -15708.328918457
441569001         -15706.2753601074
441569002         -15704.2227478027
441569003         -15702.169128418
441569004         -15700.1199645996
441569005         -15698.069732666
441569006         -15696.0186462402
441569007         -15693.970123291
441569008         -15691.922454834
441569009         -15689.8756713867
441569010         -15687.8295898438
441569011         -15685.7844543457
441569012         -15683.7401428223
441569013         -15681.6947631836
441569014         -15679.6540222168
441569015         -15677.6102905273
441569016         -15675.5710754395
441569017         -15673.5291748047
441569018         -15671.4898376465
441569019         -15669.4513549805
441569020         -15667.4119567871
441569021         -15665.3768920898
441569022         -15663.3409423828
441569023         -15661.3040161133
441569024         -15659.269744873
441569025         -15657.2380981445
441569026         -15655.2036743164
441569027         -15653.1719665527
441569028         -15651.1410217285
441569029         -15649.1091918945
441569030         -15647.0817565918
441569031         -15645.0533447266
441569032         -15643.0240478516
441569033         -15640.9973449707
441569034         -15638.9732666016
441569035         -15636.9466247559
441569036         -15634.9224243164
441569037         -15632.8973083496
441569038         -15630.8766174316
441569039         -15628.8550720215
441569040         -15626.8325500488
441569041         -15624.814453125
441569042         -15622.7936706543
441569043         -15620.7754821777
441569044         -15618.7580566406
441569045         -15616.7416381836
441569046         -15614.7260131836
441569047         -15612.7113037109
441569048         -15610.6955566406
441569049         -15608.6842651367
441569050         -15606.6702575684
441569051         -15604.6607971191
441569052         -15602.6484680176
441569053         -15600.6389770508
441569054         -15598.6300354004
441569055         -15596.6221618652
441569056         -15594.6133728027
441569057         -15592.6089782715
441569058         -15590.6019287109
441569059         -15588.5992126465
441569060         -15586.5938110352
441569061         -15584.5910949707
441569062         -15582.589263916
441569063         -15580.5882263184
441569064         -15578.5881347656
441569065         -15576.5888061523
441569066         -15574.5886535645
441569067         -15572.5928955078
441569068         -15570.5945129395
441569069         -15568.5986328125
441569070         -15566.6055297852
441569071         -15564.6096496582
441569072         -15562.6164550781
441569073         -15560.6224060059
441569074         -15558.6327514648
441569075         -15556.6421203613
441569076         -15554.650604248
441569077         -15552.6636047363
441569078         -15550.6738586426
441569079         -15548.6867980957
441569080         -15546.7006225586
441569081         -15544.7151794434
441569082         -15542.7308044434
441569083         -15540.7454833984
441569084         -15538.7645263672
441569085         -15536.7826538086
441569086         -15534.799987793
441569087         -15532.8198852539
441569088         -15530.8407592773
441569089         -15528.8623962402
441569090         -15526.8850097656
441569091         -15524.9083862305
441569092         -15522.932800293
441569093         -15520.9561767578
441569094         -15518.9841308594
441569095         -15517.0093688965
441569096         -15515.0389099121
441569097         -15513.0659179688
441569098         -15511.0956115723
441569099         -15509.1261291504
441569100         -15507.1557006836
441569101         -15505.1898193359
441569102         -15503.2229614258
441569103         -15501.2553710938
441569104         -15499.2920532227
441569105         -15497.3261108398
441569106         -15495.3629150391
441569107         -15493.4004821777
441569108         -15491.4389953613
441569109         -15489.4785461426
441569110         -15487.5187072754
441569111         -15485.5581665039
441569112         -15483.602142334
441569113         -15481.6432800293
441569114         -15479.6872253418
441569115         -15477.7336425781
441569116         -15475.7775878906
441569117         -15473.8242492676
441569118         -15471.871673584
441569119         -15469.9182739258
441569120         -15467.9692687988
441569121         -15466.0177307129
441569122         -15464.0704956055
441569123         -15462.1206970215
441569124         -15460.1736450195
441569125         -15458.2273864746
441569126         -15456.2820129395
441569127         -15454.3375244141
441569128         -15452.3940429688
441569129         -15450.4514465332
441569130         -15448.5079345703
441569131         -15446.5689086914
441569132         -15444.6271972656
441569133         -15442.6881408691
441569134         -15440.7501220703
441569135         -15438.8128662109
441569136         -15436.8766174316
441569137         -15434.9412536621
441569138         -15433.0067138672
441569139         -15431.0714111328
441569140         -15429.1405334473
441569141         -15427.2070007324
441569142         -15425.276184082
441569143         -15423.3461914062
441569144         -15421.4172668457
441569145         -15419.4891052246
441569146         -15417.5619506836
441569147         -15415.6357116699
441569148         -15413.7085266113
441569149         -15411.7858581543
441569150         -15409.860534668
441569151         -15407.9397583008
441569152         -15406.0162353516
441569153         -15404.0954589844
441569154         -15402.1755981445
441569155         -15400.2566833496
441569156         -15398.3368530273
441569157         -15396.4214477539
441569158         -15394.5035705566
441569159         -15392.5900268555
441569160         -15390.6739196777
441569161         -15388.7604980469
441569162         -15386.8479919434
441569163         -15384.9363708496
441569164         -15383.0257873535
441569165         -15381.1159667969
441569166         -15379.2071533203
441569167         -15377.2975463867
441569168         -15375.3923034668
441569169         -15373.4844970703
441569170         -15371.5793762207
441569171         -15369.675201416
441569172         -15367.7719116211
441569173         -15365.8695983887
441569174         -15363.968170166
441569175         -15362.0677185059
441569176         -15360.1664123535
441569177         -15358.2695617676
441569178         -15356.3700256348
441569179         -15354.4751281738
441569180         -15352.5774536133
441569181         -15350.6826477051
441569182         -15348.7886352539
441569183         -15346.8955688477
441569184         -15345.0017700195
441569185         -15343.1123352051
441569186         -15341.222076416
441569187         -15339.3310852051
441569188         -15337.4427490234
441569189         -15335.5570678711
441569190         -15333.6687927246
441569191         -15331.7832336426
441569192         -15329.8987121582
441569193         -15328.0131835938
441569194         -15326.1322937012
441569195         -15324.2504272461
441569196         -15322.3678894043
441569197         -15320.489654541
441569198         -15318.6089782715
441569199         -15316.7309265137
441569200         -15314.8538818359
441569201         -15312.9776916504
441569202         -15311.1025390625
441569203         -15309.2282409668
441569204         -15307.3532104492
441569205         -15305.4825744629
441569206         -15303.6094055176
441569207         -15301.7407836914
441569208         -15299.8693237305
441569209         -15298.0008544922
441569210         -15296.1331481934
441569211         -15294.2664794922
441569212         -15292.4007873535
441569213         -15290.5342712402
441569214         -15288.672088623
441569215         -15286.8075561523
441569216         -15284.9473266602
441569217         -15283.084564209
441569218         -15281.2244873047
441569219         -15279.3655395508
441569220         -15277.5073242188
441569221         -15275.6502075195
441569222         -15273.7939147949
441569223         -15271.938659668
441569224         -15270.0826416016
441569225         -15268.2310180664
441569226         -15266.3768920898
441569227         -15264.5253601074
441569228         -15262.674987793
441569229         -15260.825378418
441569230         -15258.9768371582
441569231         -15257.1292114258
441569232         -15255.2825927734
441569233         -15253.4369506836
441569234         -15251.5903625488
441569235         -15249.7465820312
441569236         -15247.9056091309
441569237         -15246.0620117188
441569238         -15244.2210388184
441569239         -15242.3812255859
441569240         -15240.5422363281
441569241         -15238.7041625977
441569242         -15236.8654174805
441569243         -15235.0311279297
441569244         -15233.1960754395
441569245         -15231.3600769043
441569246         -15229.5269775391
441569247         -15227.6947631836
441569248         -15225.8653564453
441569249         -15224.033203125
441569250         -15222.2022094727
441569251         -15220.3757324219
441569252         -15218.5483093262
441569253         -15216.7201538086
441569254         -15214.896484375
441569255         -15213.0703430176
441569256         -15211.2467956543
441569257         -15209.4261474609
441569258         -15207.6027832031
441569259         -15205.7822875977
441569260         -15203.962677002
441569261         -15202.1423339844
441569262         -15200.3264465332
441569263         -15198.508026123
441569264         -15196.694152832
441569265         -15194.8775939941
441569266         -15193.0657043457
441569267         -15191.2512512207
441569268         -15189.4394226074
441569269         -15187.6286621094
441569270         -15185.8170471191
441569271         -15184.0100097656
441569272         -15182.2021179199
441569273         -15180.3934631348
441569274         -15178.5894470215
441569275         -15176.7827148438
441569276         -15174.9786987305
441569277         -15173.1776428223
441569278         -15171.3739013672
441569279         -15169.5728759766
441569280         -15167.7711181641
441569281         -15165.9739685059
441569282         -15164.1758422852
441569283         -15162.3771057129
441569284         -15160.5827941895
441569285         -15158.7860107422
441569286         -15156.9919128418
441569287         -15155.1987609863
441569288         -15153.4067687988
441569289         -15151.6155395508
441569290         -15149.8255615234
441569291         -15148.0363464355
441569292         -15146.2463684082
441569293         -15144.4610595703
441569294         -15142.6731567383
441569295         -15140.8896789551
441569296         -15139.1038513184
441569297         -15137.320526123
441569298         -15135.5384521484
441569299         -15133.7571716309
441569300         -15131.9770507812
441569301         -15130.1977539062
441569302         -15128.4179077148
441569303         -15126.642364502
441569304         -15124.8643493652
441569305         -15123.091003418
441569306         -15121.3149108887
441569307         -15119.5416870117
441569308         -15117.76953125 
441569309         -15115.9982299805
441569310         -15114.2280273438
441569311         -15112.45703125 
441569312         -15110.6905822754
441569313         -15108.9233703613
441569314         -15107.1553649902
441569315         -15105.3900756836
441569316         -15103.6276855469
441569317         -15101.8626403809
441569318         -15100.1004638672
441569319         -15098.3392028809
441569320         -15096.5791015625
441569321         -15094.8180236816
441569322         -15093.0616455078
441569323         -15091.3044128418
441569324         -15089.5464782715
441569325         -15087.7912902832
441569326         -15086.0389099121
441569327         -15084.2839660645
441569328         -15082.5317687988
441569329         -15080.7806396484
441569330         -15079.0305786133
441569331         -15077.2796020508
441569332         -15075.5332641602
441569333         -15073.7861328125
441569334         -15072.038269043
441569335         -15070.2950134277
441569336         -15068.5491333008
441569337         -15066.806060791
441569338         -15065.0640258789
441569339         -15063.3229980469
441569340         -15061.5829467773
441569341         -15059.8440246582
441569342         -15058.1042175293
441569343         -15056.3690185547
441569344         -15054.6312866211
441569345         -15052.8980407715
441569346         -15051.1624450684
441569347         -15049.4295654297
441569348         -15047.6994018555
441569349         -15045.9667663574
441569350         -15044.2351074219
441569351         -15042.5081176758
441569352         -15040.7801818848
441569353         -15039.0535888672
441569354         -15037.325958252
441569355         -15035.6029052734
441569356         -15033.8775024414
441569357         -15032.1547851562
441569358         -15030.4330749512
441569359         -15028.7124938965
441569360         -15026.992767334
441569361         -15025.2742004395
441569362         -15023.5566711426
441569363         -15021.8400878906
441569364         -15020.1227111816
441569365         -15018.4100341797
441569366         -15016.6948547363
441569367         -15014.9822998047
441569368         -15013.2709350586
441569369         -15011.562286377
441569370         -15009.8511962891
441569371         -15008.1410522461
441569372         -15006.4354858398
441569373         -15004.729309082
441569374         -15003.0239868164
441569375         -15001.3179931641
441569376         -14999.6166687012
441569377         -14997.9126586914
441569378         -14996.2116088867
441569379         -14994.511505127
441569380         -14992.8124389648
441569381         -14991.1144104004
441569382         -14989.4175415039
441569383         -14987.7214660645
441569384         -14986.0248413086
441569385         -14984.3327636719
441569386         -14982.6381530762
441569387         -14980.9480895996
441569388         -14979.2555541992
441569389         -14977.5658569336
441569390         -14975.8771972656
441569391         -14974.189453125
441569392         -14972.5030212402
441569393         -14970.8173522949
441569394         -14969.1328125  
441569395         -14967.4475097656
441569396         -14965.7669372559
441569397         -14964.0837402344
441569398         -14962.405090332
441569399         -14960.7240905762
441569400         -14959.0457763672
