441568800         -16111.6888427734
441568801         -16110.2922668457
441568802         -16108.8924560547
441568803         -16107.4970092773
441568804         -16106.098449707
441568805         -16104.7023010254
441568806         -16103.3068237305
441568807         -16101.9136352539
441568808         -16100.5174865723
441568809         -16099.123626709
441568810         -16097.7286376953
441568811         -16096.3378295898
441568812         -16094.9457397461
441568813         -16093.5544128418
441568814         -16092.1616821289
441568815         -16090.773223877
441568816         -16089.3817749023
441568817         -16087.9926452637
441568818         -16086.6060180664
441568819         -16085.2161865234
441568820         -16083.8289794922
441568821         -16082.4422302246
441568822         -16081.0561523438
441568823         -16079.6705322266
441568824         -16078.2837219238
441568825         -16076.9012756348
441568826         -16075.5175476074
441568827         -16074.1325073242
441568828         -16072.7517700195
441568829         -16071.3679199219
441568830         -16069.9884033203
441568831         -16068.6058349609
441568832         -16067.2255554199
441568833         -16065.8460388184
441568834         -16064.467010498
441568835         -16063.0886535645
441568836         -16061.7107543945
441568837         -16060.3336181641
441568838         -16058.9551391602
441568839         -16057.5809936523
441568840         -16056.2055969238
441568841         -16054.8290100098
441568842         -16053.4547424316
441568843         -16052.0829162598
441568844         -16050.7081604004
441568845         -16049.335723877
441568846         -16047.9638977051
441568847         -16046.5927429199
441568848         -16045.2221374512
441568849         -16043.8520812988
441568850         -16042.4827575684
441568851         -16041.1139526367
441568852         -16039.743927002
441568853         -16038.3781433105
441568854         -16037.0094299316
441568855         -16035.6447753906
441568856         -16034.2772827148
441568857         -16032.9120788574
441568858         -16031.5475158691
441568859         -16030.1836853027
441568860         -16028.8201904297
441568861         -16027.4575195312
441568862         -16026.0953979492
441568863         -16024.7338867188
441568864         -16023.3729553223
441568865         -16022.0108947754
441568866         -16020.652923584
441568867         -16019.2922363281
441568868         -16017.9353942871
441568869         -16016.5758666992
441568870         -16015.2185058594
441568871         -16013.8637695312
441568872         -16012.5058898926
441568873         -16011.1505126953
441568874         -16009.7956848145
441568875         -16008.4414978027
441568876         -16007.0861816406
441568877         -16005.7350158691
441568878         -16004.3826293945
441568879         -16003.0291748047
441568880         -16001.6798400879
441568881         -16000.327545166
441568882         -15998.9794921875
441568883         -15997.6283874512
441568884         -15996.2798156738
441568885         -15994.9317016602
441568886         -15993.5843200684
441568887         -15992.2375488281
441568888         -15990.891418457
441568889         -15989.5457763672
441568890         -15988.2008972168
441568891         -15986.8547973633
441568892         -15985.512878418
441568893         -15984.1680297852
441568894         -15982.827331543
441568895         -15981.4837646484
441568896         -15980.144317627
441568897         -15978.8019104004
441568898         -15977.4620056152
441568899         -15976.1226196289
441568900         -15974.7839355469
441568901         -15973.4458312988
441568902         -15972.1083374023
441568903         -15970.7697143555
441568904         -15969.4352722168
441568905         -15968.0997314453
441568906         -15966.7629089355
441568907         -15965.4303283691
441568908         -15964.0948791504
441568909         -15962.7617492676
441568910         -15961.4310913086
441568911         -15960.097442627
441568912         -15958.7662658691
441568913         -15957.4356689453
441568914         -15956.1056518555
441568915         -15954.7763977051
441568916         -15953.4477233887
441568917         -15952.1178588867
441568918         -15950.7921447754
441568919         -15949.4653930664
441568920         -15948.1374206543
441568921         -15946.813659668
441568922         -15945.486907959
441568923         -15944.1627197266
441568924         -15942.839050293
441568925         -15941.5177612305
441568926         -15940.1936340332
441568927         -15938.8718566895
441568928         -15937.549041748
441568929         -15936.2303161621
441568930         -15934.9104309082
441568931         -15933.5912475586
441568932         -15932.2708740234
441568933         -15930.9547119141
441568934         -15929.635559082
441568935         -15928.3207702637
441568936         -15927.0029602051
441568937         -15925.6875610352
441568938         -15924.3727416992
441568939         -15923.0604248047
441568940         -15921.7452392578
441568941         -15920.4323120117
441568942         -15919.118347168
441568943         -15917.8086242676
441568944         -15916.4976806641
441568945         -15915.187286377
441568946         -15913.8759765625
441568947         -15912.5687561035
441568948         -15911.2585449219
441568949         -15909.9526367188
441568950         -15908.6437988281
441568951         -15907.3374633789
441568952         -15906.0315551758
441568953         -15904.7264099121
441568954         -15903.421875   
441568955         -15902.1180114746
441568956         -15900.8149108887
441568957         -15899.5122375488
441568958         -15898.2103271484
441568959         -15896.9072570801
441568960         -15895.6084594727
441568961         -15894.3066711426
441568962         -15893.0090942383
441568963         -15891.7086181641
441568964         -15890.4105529785
441568965         -15889.1131896973
441568966         -15887.8181762695
441568967         -15886.520324707
441568968         -15885.224822998
441568969         -15883.9300842285
441568970         -15882.6340637207
441568971         -15881.3424072266
441568972         -15880.0494995117
441568973         -15878.7555541992
441568974         -15877.4657897949
441568975         -15876.1730041504
441568976         -15874.8845825195
441568977         -15873.5932312012
441568978         -15872.3041687012
441568979         -15871.0177001953
441568980         -15869.7284240723
441568981         -15868.4412841797
441568982         -15867.1549987793
441568983         -15865.8692626953
441568984         -15864.5824890137
441568985         -15863.2998657227
441568986         -15862.0162658691
441568987         -15860.7330627441
441568988         -15859.4488525391
441568989         -15858.1690368652
441568990         -15856.8859863281
441568991         -15855.6056518555
441568992         -15854.3276672363
441568993         -15853.046661377
441568994         -15851.7682800293
441568995         -15850.4903869629
441568996         -15849.2133178711
441568997         -15847.9367980957
441568998         -15846.6610107422
441568999         -15845.3839111328
441569000         -15844.1113891602
441569001         -15842.8373718262
441569002         -15841.5624389648
441569003         -15840.2917480469
441569004         -15839.0180664062
441569005         -15837.7468566895
441569006         -15836.4781188965
441569007         -15835.2063598633
441569008         -15833.9372253418
441569009         -15832.6686401367
441569010         -15831.4007568359
441569011         -15830.1335144043
441569012         -15828.866973877
441569013         -15827.5993041992
441569014         -15826.3358154297
441569015         -15825.0712890625
441569016         -15823.8055419922
441569017         -15822.544128418
441569018         -15821.2797546387
441569019         -15820.0178527832
441569020         -15818.7584228516
441569021         -15817.4959716797
441569022         -15816.2361450195
441569023         -15814.9769287109
441569024         -15813.7182922363
441569025         -15812.4604797363
441569026         -15811.2031555176
441569027         -15809.9449462891
441569028         -15808.6907043457
441569029         -15807.4355773926
441569030         -15806.1791992188
441569031         -15804.9270629883
441569032         -15803.6721496582
441569033         -15802.4213256836
441569034         -15801.1677246094
441569035         -15799.9165344238
441569036         -15798.6659851074
441569037         -15797.4161682129
441569038         -15796.1669311523
441569039         -15794.9184875488
441569040         -15793.6706542969
441569041         -15792.4235229492
441569042         -15791.1769714355
441569043         -15789.9294433594
441569044         -15788.6860961914
441569045         -15787.4398498535
441569046         -15786.1978759766
441569047         -15784.9529418945
441569048         -15783.7105407715
441569049         -15782.4705505371
441569050         -15781.2276916504
441569051         -15779.9873657227
441569052         -15778.7475891113
441569053         -15777.5086364746
441569054         -15776.2701416016
441569055         -15775.0325317383
441569056         -15773.7937927246
441569057         -15772.5592346191
441569058         -15771.3235168457
441569059         -15770.0868225098
441569060         -15768.8543395996
441569061         -15767.618927002
441569062         -15766.3860168457
441569063         -15765.1555786133
441569064         -15763.9222412109
441569065         -15762.6913452148
441569066         -15761.4612121582
441569067         -15760.2316589355
441569068         -15759.0028076172
441569069         -15757.7746582031
441569070         -15756.5472106934
441569071         -15755.3186950684
441569072         -15754.0942993164
441569073         -15752.8672485352
441569074         -15751.6442260742
441569075         -15750.4183959961
441569076         -15749.1968994141
441569077         -15747.9723815918
441569078         -15746.7504882812
441569079         -15745.5291137695
441569080         -15744.310333252
441569081         -15743.0886230469
441569082         -15741.8694152832
441569083         -15740.6490478516
441569084         -15739.4330749512
441569085         -15738.2158508301
441569086         -15736.9993591309
441569087         -15735.7817993164
441569088         -15734.5685119629
441569089         -15733.3522644043
441569090         -15732.1405029297
441569091         -15730.9254760742
441569092         -15729.7132568359
441569093         -15728.5033874512
441569094         -15727.2906494141
441569095         -15726.0804443359
441569096         -15724.8708190918
441569097         -15723.6619567871
441569098         -15722.4537963867
441569099         -15721.2445678711
441569100         -15720.0394287109
441569101         -15718.833404541
441569102         -15717.6262207031
441569103         -15716.4233093262
441569104         -15715.2174987793
441569105         -15714.0159301758
441569106         -15712.8115844727
441569107         -15711.6096191406
441569108         -15710.4101257324
441569109         -15709.207824707
441569110         -15708.0080566406
441569111         -15706.8088684082
441569112         -15705.6103820801
441569113         -15704.4127197266
441569114         -15703.2138366699
441569115         -15702.0192871094
441569116         -15700.8235778809
441569117         -15699.6268920898
441569118         -15698.4344177246
441569119         -15697.239074707
441569120         -15696.0480041504
441569121         -15694.8540649414
441569122         -15693.6626281738
441569123         -15692.4736022949
441569124         -15691.281829834
441569125         -15690.0924377441
441569126         -15688.9038391113
441569127         -15687.7158203125
441569128         -15686.5285949707
441569129         -15685.3403320312
441569130         -15684.15625    
441569131         -15682.9711303711
441569132         -15681.7848510742
441569133         -15680.6029663086
441569134         -15679.4180908203
441569135         -15678.2376403809
441569136         -15677.0541381836
441569137         -15675.8732910156
441569138         -15674.6949157715
441569139         -15673.5135803223
441569140         -15672.3348388672
441569141         -15671.1566467285
441569142         -15669.9793395996
441569143         -15668.8026733398
441569144         -15667.6249389648
441569145         -15666.4514770508
441569146         -15665.2768554688
441569147         -15664.1012878418
441569148         -15662.929901123
441569149         -15661.7557678223
441569150         -15660.5857849121
441569151         -15659.4129943848
441569152         -15658.2427368164
441569153         -15657.0748291016
441569154         -15655.9043273926
441569155         -15654.7360534668
441569156         -15653.5686645508
441569157         -15652.4019165039
441569158         -15651.2358703613
441569159         -15650.070526123
441569160         -15648.9042358398
441569161         -15647.7420349121
441569162         -15646.5788879395
441569163         -15645.4146118164
441569164         -15644.254699707
441569165         -15643.0918579102
441569166         -15641.9315490723
441569167         -15640.7736816406
441569168         -15639.6130981445
441569169         -15638.4547729492
441569170         -15637.2973937988
441569171         -15636.1405944824
441569172         -15634.984588623
441569173         -15633.829284668
441569174         -15632.674621582
441569175         -15631.5208740234
441569176         -15630.3676757812
441569177         -15629.2134094238
441569178         -15628.0634460449
441569179         -15626.9106140137
441569180         -15625.7621765137
441569181         -15624.610748291
441569182         -15623.4619445801
441569183         -15622.3155517578
441569184         -15621.1664123535
441569185         -15620.0196838379
441569186         -15618.8737182617
441569187         -15617.7284545898
441569188         -15616.5838928223
441569189         -15615.4400939941
441569190         -15614.2969970703
441569191         -15613.1546020508
441569192         -15612.0112304688
441569193         -15610.8720092773
441569194         -15609.7300720215
441569195         -15608.5923461914
441569196         -15607.4518127441
441569197         -15606.315612793
441569198         -15605.1764221191
441569199         -15604.039855957
441569200         -15602.9058227539
441569201         -15601.7688293457
441569202         -15600.6344909668
441569203         -15599.5007629395
441569204         -15598.367767334
441569205         -15597.2337646484
441569206         -15596.1040649414
441569207         -15594.973236084
441569208         -15593.8432617188
441569209         -15592.7120666504
441569210         -15591.5852050781
441569211         -15590.4555969238
441569212         -15589.3302307129
441569213         -15588.2020568848
441569214         -15587.0762939453
441569215         -15585.9531555176
441569216         -15584.8271179199
441569217         -15583.7036132812
441569218         -15582.5808410645
441569219         -15581.458770752
441569220         -15580.3375549316
441569221         -15579.2168579102
441569222         -15578.0969848633
441569223         -15576.9761047363
441569224         -15575.8595581055
441569225         -15574.7418823242
441569226         -15573.6231079102
441569227         -15572.5087585449
441569228         -15571.3913879395
441569229         -15570.2768249512
441569230         -15569.1644287109
441569231         -15568.0495300293
441569232         -15566.9369812012
441569233         -15565.8251342773
441569234         -15564.7140808105
441569235         -15563.6037597656
441569236         -15562.4941711426
441569237         -15561.3851928711
441569238         -15560.2771911621
441569239         -15559.1680603027
441569240         -15558.0630493164
441569241         -15556.9572143555
441569242         -15555.8502197266
441569243         -15554.7475891113
441569244         -15553.6421203613
441569245         -15552.5408325195
441569246         -15551.4368591309
441569247         -15550.3354187012
441569248         -15549.2346801758
441569249         -15548.134552002
441569250         -15547.035369873
441569251         -15545.9367370605
441569252         -15544.8390197754
441569253         -15543.7419433594
441569254         -15542.6455688477
441569255         -15541.5501098633
441569256         -15540.453338623
441569257         -15539.361114502
441569258         -15538.2677001953
441569259         -15537.1733398438
441569260         -15536.0832214355
441569261         -15534.9903259277
441569262         -15533.8999023438
441569263         -15532.8121643066
441569264         -15531.7213134766
441569265         -15530.6331787109
441569266         -15529.5458679199
441569267         -15528.4590148926
441569268         -15527.3731689453
441569269         -15526.2880249023
441569270         -15525.2035827637
441569271         -15524.1180419922
441569272         -15523.0368652344
441569273         -15521.9546813965
441569274         -15520.8714294434
441569275         -15519.7925109863
441569276         -15518.710723877
441569277         -15517.6333007812
441569278         -15516.5530395508
441569279         -15515.4752807617
441569280         -15514.4000549316
441569281         -15513.3221130371
441569282         -15512.2466125488
441569283         -15511.171875   
441569284         -15510.0978393555
441569285         -15509.024597168
441569286         -15507.9521179199
441569287         -15506.8803710938
441569288         -15505.8075866699
441569289         -15504.7391357422
441569290         -15503.6696166992
441569291         -15502.5991210938
441569292         -15501.5328674316
441569293         -15500.4638671875
441569294         -15499.3991088867
441569295         -15498.3316040039
441569296         -15497.2666015625
441569297         -15496.2023925781
441569298         -15495.1406860352
441569299         -15494.0761108398
441569300         -15493.014251709
441569301         -15491.952911377
441569302         -15490.8923950195
441569303         -15489.8309936523
441569304         -15488.7738037109
441569305         -15487.7155761719
441569306         -15486.6581115723
441569307         -15485.5995178223
441569308         -15484.5455322266
441569309         -15483.4884338379
441569310         -15482.435760498
441569311         -15481.3803100586
441569312         -15480.3274230957
441569313         -15479.2770385742
441569314         -15478.2238464355
441569315         -15477.1731262207
441569316         -15476.123260498
441569317         -15475.0740661621
441569318         -15474.0257568359
441569319         -15472.9780883789
441569320         -15471.9312133789
441569321         -15470.8851623535
441569322         -15469.8379516602
441569323         -15468.7951049805
441569324         -15467.751373291
441569325         -15466.7064819336
441569326         -15465.6659240723
441569327         -15464.6225585938
441569328         -15463.5835266113
441569329         -15462.5417785645
441569330         -15461.5025024414
441569331         -15460.464050293
441569332         -15459.427947998
441569333         -15458.3892211914
441569334         -15457.3529663086
441569335         -15456.3175964355
441569336         -15455.2828063965
441569337         -15454.2470703125
441569338         -15453.2157592773
441569339         -15452.1832885742
441569340         -15451.1515808105
441569341         -15450.1190795898
441569342         -15449.0906066895
441569343         -15448.0595092773
441569344         -15447.0326843262
441569345         -15446.0030517578
441569346         -15444.9778137207
441569347         -15443.9496765137
441569348         -15442.9241638184
441569349         -15441.8994445801
441569350         -15440.8753662109
441569351         -15439.8522033691
441569352         -15438.8296508789
441569353         -15437.8080444336
441569354         -15436.7870788574
441569355         -15435.7668457031
441569356         -15434.7475280762
441569357         -15433.7288513184
441569358         -15432.7092590332
441569359         -15431.693939209
441569360         -15430.67578125 
441569361         -15429.6620483398
441569362         -15428.6454467773
441569363         -15427.6333007812
441569364         -15426.6181640625
441569365         -15425.6057739258
441569366         -15424.5957946777
441569367         -15423.5830993652
441569368         -15422.5728759766
441569369         -15421.5635681152
441569370         -15420.554901123
441569371         -15419.547088623
441569372         -15418.5399780273
441569373         -15417.5319213867
441569374         -15416.528137207
441569375         -15415.5233154297
441569376         -15414.5176696777
441569377         -15413.5162353516
441569378         -15412.5136413574
441569379         -15411.5103759766
441569380         -15410.5094299316
441569381         -15409.5110168457
441569382         -15408.509979248
441569383         -15407.5113525391
441569384         -15406.5153808594
441569385         -15405.5166320801
441569386         -15404.5202636719
441569387         -15403.5248718262
441569388         -15402.530090332
441569389         -15401.536315918
441569390         -15400.5431213379
441569391         -15399.5490112305
441569392         -15398.5591430664
441569393         -15397.5683898926
441569394         -15396.5765686035
441569395         -15395.5891113281
441569396         -15394.598815918
441569397         -15393.6129150391
441569398         -15392.6242675781
441569399         -15391.6398925781
441569400         -15390.6527404785
