0                 15235.722841899097 
10                15235.7210143789649
20                15234.124336360395 
30                15230.9332958713174
40                15226.1488666042686
50                15219.7725075989962
60                15211.8061628103256
70                15202.2522605136037
80                15191.1137125477195
90                15178.3939134433866
100               15164.0967393800616
110               15148.2265470072627
120               15130.7881721004844
130               15111.786928114295 
140               15091.2286045312881
150               15069.1194651201367
160               15045.4662460118532
170               15020.2761536493897
180               14993.5568626001477
190               14965.3165131986141
200               14935.5637090817094
210               14904.3075145572424
220               14871.5574518457055
230               14837.3234981715679
240               14801.6160827249289
250               14764.4460835039616
260               14725.8248239547014
270               14685.7640695676208
280               14644.2760242566466
290               14601.3733266726136
300               14557.0690463215113
310               14511.3766796037555
320               14464.3101456850767
330               14415.8837822780013
340               14366.1123412519693
350               14315.0109841480851
360               14262.5952775612473
370               14208.8811883926392
380               14153.8850789904594
390               14097.6237021639943
400               14040.1141960769892
410               13981.3740790262818
420               13921.4212441131473
430               13860.2739537850022
440               13797.9508342653513
450               13734.470869910717 
460               13669.8533973783255
470               13604.1180997788906
480               13537.2850006699562
490               13469.3744579315186
500               13400.4071576088667
510               13330.4041075736284
520               13259.3866311401129
530               13187.3763605758548
540               13114.3952305004001
550               13040.4654712155461
560               12965.6096019208431
570               12889.8504238754511
580               12813.2110134243965
590               12735.7147149994969
600               12657.3851339966059
610               12578.2461295738816
620               12498.3218074008822
630               12417.6365123286843
640               12336.2148209318519
650               12254.0815340727568
660               12171.2616693153977
670               12087.7804533213377
680               12003.6633141577244
690               11918.9358735606074
700               11833.6239391312003
710               11747.7534964635968
720               11661.3507012546062
730               11574.4418713122606
740               11487.0534785583615
750               11399.2121409595013
760               11310.9446144208312
770               11222.2777846440673
780               11133.2386589244008
790               11043.854357945919 
800               10954.1521075040102
810               10864.1592302262783
820               10773.9031372487545
830               10683.4113198578358
840               10592.7113411352038
850               10501.8308275550604
860               10410.7974605679512
870               10319.6389681726694
880               10228.3831164762378
890               10137.0577012389898
900               10045.6905393958092
910               9954.30946060270071
920               9862.94229875355959
930               9771.61688349992037
940               9680.36103178113699
950               9589.20253935903311
960               9498.16917233467102
970               9407.2886587113142 
980               9316.58867993801832
990               9226.09686249047518
1000              9135.84076944887638
1010              9045.84789209961891
1020              8956.14564158171415
1030              8866.76134051978588
1040              8777.72221470922232
1050              8689.05538483709097
1060              8600.78785819709301
1070              8512.9465204924345 
1080              8425.55812762528658
1090              8338.64929756522179
1100              8252.24650223255157
1110              8166.37605944126844
1120              8081.06412487775087
1130              7996.33668414503336
1140              7912.21954484432936
1150              7828.73832870572805
1160              7745.91846380233765
1170              7663.78517679423094
1180              7582.36348524540663
1190              7501.67819001972675
1200              7421.75386769324541
1210              7342.61486311107874
1220              7264.28528194874525
1230              7186.78898336589336
1240              7110.14957275390625
1250              7034.39039454758167
1260              6959.53452509194612
1270              6885.60476564764976
1280              6812.62363541424274
1290              6740.61336469054222
1300              6669.59588810354471
1310              6599.59283791035414
1320              6530.62553743720055
1330              6462.7149945512414 
1340              6395.88189529329538
1350              6330.14659755080938
1360              6265.52912487983704
1370              6202.04916038811207
1380              6139.72604073882103
1390              6078.57875028252602
1400              6018.62591524869204
1410              5959.88579808324575
1420              5902.37629188299179
1430              5846.11491495221853
1440              5791.11880545169115
1450              5737.40471619218588
1460              5684.98900951892138
1470              5633.887652336061  
1480              5584.11621123999357
1490              5535.68984776884317
1500              5488.62331379652023
1510              5442.93094702810049
1520              5398.62666663825512
1530              5355.72396902143955
1540              5314.23592369109392
1550              5274.17516928911209
1560              5235.55390973389149
1570              5198.38391051590443
1580              5162.67649508267641
1590              5128.44254143238068
1600              5095.69247875064611
1610              5064.43628426790237
1620              5034.68348020017147
1630              5006.44313086122274
1640              4979.72383987903595
1650              4954.53374759703875
1660              4930.88052857518196
1670              4908.77138926237822
1680              4888.21306578665972
1690              4869.21182191818953
1700              4851.77344713956118
1710              4835.90325489789248
1720              4821.60608098208904
1730              4808.88628203123808
1740              4797.74773422777653
1750              4788.19383210092783
1760              4780.22748749107122
1770              4773.8511286765337 
1780              4769.06669960469007
1790              4765.87565931975842
1800              4764.27898151278496
1810              4764.27715421319008
1820              4765.87017964720726
1830              4769.05757423341274
1840              4773.83836872726679
1850              4780.21110851168633
1860              4788.17385404109955
1870              4797.72418143004179
1880              4808.85918319225311
1890              4821.57546911686659
1900              4835.86916730254889
1910              4851.7359253436327 
1920              4869.17091163545847
1930              4888.16881686300039
1940              4908.72385560423136
1950              4930.82976810187101
1960              4954.47982214391232
1970              4979.6668151512742 
1980              5006.38307633399963
1990              5034.62046903967857
2000              5064.37039324343205
2010              5095.62378813922405
2020              5128.37113492637873
2030              5162.60245967805386
2040              5198.3073364123702 
2050              5235.47489022612572
2060              5274.0938006490469 
2070              5314.15230505615473
2080              5355.63820226937532
2090              5398.53885625600815
2100              5442.84120000600815
2110              5488.5317394733429 
2120              5535.59655771553516
2130              5584.02131911665201
2140              5633.79127375334501
2150              5684.89126189798117
2160              5737.30571862310171
2170              5791.01867855340242
2180              5846.0137807071209 
2190              5902.27427351027727
2200              5959.78301987797022
2210              6018.52250242680311
2220              6078.47482884079218
2230              6139.62173728793859
2240              6201.94460200220346
2250              6265.42443895339966
2260              6330.04191162288189
2270              6395.7773369088769 
2280              6462.61069109886885
2290              6530.52161599397659
2300              6599.48942508995533
2310              6669.49310989826918
2320              6740.5113463178277 
2330              6812.52250117063522
2340              6885.50463874638081
2350              6959.43552752435207
2360              7034.29264692813158
2370              7110.05319417119026
2380              7186.69409123957157
2390              7264.19199189543724
2400              7342.52328878939152
2410              7421.66412066966295
2420              7501.5903796389699 
2430              7582.27771849185228
2440              7663.70155815929174
2450              7745.83709516376257
2460              7828.65930919796228
2470              7912.14297073930502
2480              7996.2626487404108 
2490              8080.99271837174892
2500              8166.3073688313365 
2510              8252.18061120808125
2520              8338.58628640323877
2530              8425.49807309806347
2540              8512.88949576467276
2550              8600.7339327454567 
2560              8689.00462436079979
2570              8777.67468105405569
2580              8866.71709159314632
2590              8956.10473130047321
2600              9045.81037030369043
2610              9135.80668185204267
2620              9226.06625062674284
2630              9316.56158109903336
2640              9407.26510591357946
2650              9498.14919427484274
2660              9589.18616037666798
2670              9680.34827183485031
2680              9771.60775813013315
2690              9862.93681907951832
2700              9954.30763330310583
2710              10045.6923666954041
2720              10137.063180911541 
2730              10228.392241846025 
2740              10319.6517281219363
2750              10410.8138395488262
2760              10501.8508056148887
2770              10592.7348939329386
2780              10683.4384186968207
2790              10773.9337491124868
2800              10864.193317823112 
2810              10954.1896293014288
2820              11043.89526822716  
2830              11133.2829078480601
2840              11222.325318300724 
2850              11310.9953748986125
2860              11399.2660664111376
2870              11487.1105032846332
2880              11574.5019258409739
2890              11661.4137124150991
2900              11747.8193874910474
2910              11833.6926297396421
2920              11919.0072800680995
2930              12003.7373495623469
2940              12087.8570274248719
2950              12171.3406888231635
2960              12254.1629027143121
2970              12336.2984395653009
2980              12417.7222790837288
2990              12498.4096177831292
3000              12578.335876595974 
3010              12657.4767083197832
3020              12735.8080050528049
3030              12813.3059055507183
3040              12889.9468024581671
3050              12965.7073495417833
3060              13040.5644687846303
3070              13114.495357401669 
3080              13187.4774948209524
3090              13259.4886495143175
3100              13330.5068857774138
3110              13400.5105704322457
3120              13469.4783793747425
3130              13537.3893041223288
3140              13604.2226581647992
3150              13669.958083306253 
3160              13734.5755558386445
3170              13798.05539265275  
3180              13860.3782572373748
3190              13921.5251655578613
3200              13981.4774918481708
3210              14040.2169742822647
3220              14097.7257205381989
3230              14153.9862132370472
3240              14208.9813152939081
3250              14262.6942751303315
3260              14315.1087317705154
3270              14366.2087198361754
3280              14415.978674402833 
3290              14464.403435741365 
3300              14511.4682539254427
3310              14557.1587933465838
3320              14601.4611370563507
3330              14644.3617910131812
3340              14685.8476882010698
3350              14725.9061925962567
3360              14764.5251030132174
3370              14801.6926568314433
3380              14837.3975335776806
3390              14871.6288583531976
3400              14904.3762051701546
3410              14935.6296001076698
3420              14965.3795243620872
3430              14993.616917128861 
3440              15020.3331783786416
3450              15045.5201714649796
3460              15069.170225597918 
3470              15091.2761381909251
3480              15111.8311770394444
3490              15130.8290823847055
3500              15148.2640688046813
3510              15164.1308269783854
3520              15178.4245253100991
3530              15191.1408113881946
3540              15202.2758133113384
3550              15211.8261408731341
3560              15219.7888865828514
3570              15226.1616265535355
3580              15230.9424212425947
3590              15234.1298160344362
3600              15235.7228416800499
3610              15235.7210145995021
3620              15234.1243370190263
3630              15230.9332969680429
3640              15226.1488681361079
3650              15219.7725095659494
3660              15211.8061652109027
3670              15202.2522633388638
3680              15191.113715800643 
3690              15178.3939171180129
3700              15164.0967434719205
3710              15148.2265515103936
3720              15130.788177010417 
3730              15111.7869334250689
3740              15091.2286102354527
3750              15069.1194712117314
3760              15045.4662524834275
3770              15020.2761604934931
3780              14993.5568698048592
3790              14965.3165207609534
3800              14935.5637169882655
3810              14904.3075228005648
3820              14871.5574604138732
3830              14837.3235070556402
3840              14801.616091914475 
3850              14764.4460929855704
3860              14725.8248337194324
3870              14685.7640795990825
3880              14644.2760345488787
3890              14601.3733372092247
3900              14557.0690570905805
3910              14511.3766905918717
3920              14464.310156878829 
3930              14415.8837936639786
3940              14366.1123528152704
3950              14315.0109958767891
3960              14262.5952894389629
3970              14208.8812004074454
3980              14153.8850911259651
3990              14097.6237144038081
4000              14040.1142084077001
4010              13981.3740914344788
4020              13921.4212565824389
4030              13860.2739662989974
4040              13797.950846812129 
4050              13734.4708824709058
4060              13669.8534099385142
4070              13604.1181123226881
4080              13537.2850131839514
4090              13469.3744704008102
4100              13400.4071700170636
4110              13330.4041199043393
4120              13259.3866433799267
4130              13187.3763727083802
4140              13114.3952425152063
4150              13040.4654830932617
4160              12965.609613648057 
4170              12889.8504354387522
4180              12813.2110248088837
4190              12735.7147261917591
4200              12657.385144983232 
4210              12578.2461403399706
4220              12498.3218179374933
4230              12417.6365226179361
4240              12336.2148309648037
4250              12254.0815438345075
4260              12171.2616787955165
4270              12087.7804625079036
4280              12003.6633230403066
4290              11918.935882127285 
4300              11833.6239473715425
4310              11747.753504370153 
4320              11661.3507088139653
4330              11574.4418785169721
4340              11487.0534853979945
4350              11399.2121474295855
4360              11310.9446205109358
4370              11222.2777903467417
4380              11133.2386642336845
4390              11043.8543628528714
4400              10954.152112005651 
4410              10864.1592343151569
4420              10773.9031409218907
4430              10683.4113231092691
4440              10592.711343960464 
4450              10501.8308299526572
4460              10410.7974625304341
4470              10319.6389697045088
4480              10228.3831175729632
4490              10137.0577018946409
4500              10045.6905396148562
4510              9954.30946038365364
4520              9862.94229809641838
4530              9771.61688240468502
4540              9680.36103025078773
4550              9589.20253739356995
4560              9498.1691699385643 
4570              9407.28865588605404
4580              9316.58867668658495
4590              9226.09685881882906
4600              9135.84076535850763
4610              9045.84788759946823
4620              8956.14563667327166
4630              8866.76133521050215
4640              8777.72220900803804
4650              8689.05537874698639
4660              8600.78785172849894
4670              8512.9465136513114 
4680              8425.55812042206526
4690              8338.64929000586271
4700              8252.24649432748556
4710              8166.3760512009263 
4720              8081.06411631256342
4730              7996.33667526394129
4740              7912.21953565776348
4750              7828.7383192256093 
4760              7745.91845404058695
4770              7663.78516676425934
4780              7582.36347495764494
4790              7501.67817948609591
4800              7421.75385692566633
4810              7342.61485212594271
4820              7264.28527075797319
4830              7186.78897198289633
4840              7110.14956119209528
4850              7034.39038282185793
4860              6959.53451321721077
4870              6885.60475363582373
4880              6812.6236232817173 
4890              6740.61335245370865
4900              6669.59587577283382
4910              6599.59282550662756
4920              6530.62552497088909
4930              6462.71498203873634
4940              6395.88188274949789
4950              6330.14658499360085
4960              6265.5291123226285 
4970              6202.04914784580469
4980              6139.72602822482586
4990              6078.57873781919479
5000              6018.62590284347534
5010              5959.88578575253487
5020              5902.37627964615822
5030              5846.11490281969309
5040              5791.11879344135523
5050              5737.40470431596041
5060              5684.98899779319763
5070              5633.88764077574015
5080              5584.11619985848665
5090              5535.68983657807112
5100              5488.62330280989408
5110              5442.93093626350164
5120              5398.62665610462427
5130              5355.72395873516798
5140              5314.23591365963221
5150              5274.17515952736139
5160              5235.55390025526285
5170              5198.38390133082867
5180              5162.67648620307446
5190              5128.44253286570311
5200              5095.69247051179409
5210              5064.43627636432648
5220              5034.68347264230251
5230              5006.44312365651131
5240              4979.72383303940296
5250              4954.53374112844467
5260              4930.8805224865675 
5270              4908.77138356119394
5280              4888.21306048035622
5290              4869.21181700974703
5300              4851.7734426394105 
5310              4835.90325081050396
5320              4821.60607730895281
5330              4808.88627878129482
5340              4797.74773140251637
5350              4788.19382970482111
5360              4780.22748552709818
5370              4773.85112714618444
5380              4769.06669851094484
5390              4765.87565866261721
5400              4764.27898129373789
5410              4764.27715443223715
5420              4765.87018030434847
5430              4769.05757533013821
5440              4773.83837025910616
5450              4780.21111047565937
5460              4788.17385643720627
5470              4797.72418425679207
5480              4808.85918644368649
5490              4821.57547278851271
5500              4835.86917139291763
5510              4851.73592984378338
5520              4869.17091654390097
5530              4888.16882217228413
5540              4908.72386130690575
5550              4930.82977419048548
5560              4954.47982861399651
5570              4979.66682199239731
5580              5006.38308353722095
5590              5034.62047659754753
5600              5064.37040114849806
5610              5095.62379637956619
5620              5128.37114349156618
5630              5162.60246856063604
5640              5198.30734559744596
5650              5235.47489970624447
5660              5274.09381040930748
5670              5314.15231508761644
5680              5355.63821255713701
5690              5398.53886679112911
5700              5442.84121077060699
5710              5488.53175045996904
5720              5535.5965689048171 
5730              5584.02133049964905
5740              5633.79128531515598
5750              5684.89127362370491
5760              5737.30573049932718
5770              5791.01869056373835
5780              5846.01379283815622
5790              5902.27428575009108
5800              5959.78303220570087
5810              6018.52251483201981
5820              6078.47484130710363
5830              6139.62174979895353
5840              6201.94461454451084
5850              6265.4244515106082 
5860              6330.04192418158054
5870              6395.77734945118427
5880              6462.61070360988379
5890              6530.52162846177816
5900              6599.48943749368191
5910              6669.49312222748995
5920              6740.51135855615139
5930              6812.52251330018044
5940              6885.50465075820684
5950              6959.43553940057755
5960              7034.29265865236521
5970              7110.05320573151112
5980              7186.69410262256861
5990              7264.19200308769941
6000              7342.52329977303743
6010              7421.66413143575191
6020              7501.59039016962051
6030              7582.27772878110409
6040              7663.70156818926334
6050              7745.83710492402315
6060              7828.65931867659092
6070              7912.1429799258709 
6080              7996.26265762001276
6090              8080.99272693842649
6100              8166.30737706869841
6110              8252.18061911165714
6120              8338.58629396259785
6130              8425.49808030128479
6140              8512.88950260430574
6150              8600.73393921405077
6160              8689.00463044941425
6170              8777.67468675523996
6180              8866.71709690243006
6190              8956.10473620742559
6200              9045.81037480384111
6210              9135.80668594241142
6220              9226.06625429689884
6230              9316.56158435046673
6240              9407.26510873883963
6250              9498.14919667094946
6260              9589.18616234213114
6270              9680.34827336370945
6280              9771.60775922387838
6290              9862.93681973814964
6300              9954.3076335221529 
6310              10045.692366476357 
6320              10137.0631802543998
6330              10228.3922407522798
6340              10319.651726590097 
6350              10410.8138375833631
6360              10501.8508032202721
6370              10592.7348911061883
6380              10683.4384154483676
6390              10773.9337454408407
6400              10864.1933137327433
6410              10954.1896248012781
6420              11043.8952633202076
6430              11133.2829025402665
6440              11222.3253126010299
6450              11310.9953688085079
6460              11399.2660599440336
6470              11487.1104964450002
6480              11574.5019186377525
6490              11661.4137048572302
6500              11747.8193795874715
6510              11833.6926215022802
6520              11919.007271502912 
6530              12003.737340682745 
6540              12087.8570182412863
6550              12171.3406793445349
6560              12254.1628929555416
6570              12336.2984295368195
6580              12417.722268794477 
6590              12498.4096072524786
6600              12578.3358658328652
6610              12657.4766973346472
6620              12735.8079938650131
6630              12813.3058941677213
6640              12889.9467908993363
6650              12965.7073378190398
6660              13040.5644569113851
6670              13114.4953453928232
6680              13187.4774826914072
6690              13259.4886372774839
6700              13330.5068734526634
6710              13400.5105580285192
6720              13469.4783669114113
6730              13537.3892916128039
6740              13604.2226456254721
6750              13669.9580707505345
6760              13734.5755432829261
6770              13798.0553801134229
6780              13860.37824472785  
6790              13921.5251530945301
6800              13981.4774794444442
6810              14040.2169619575143
6820              14097.7257083028555
6830              14153.9862011089921
6840              14208.9813032850623
6850              14262.6942632570863
6860              14315.1087200477719
6870              14366.2087082788348
6880              14415.9786630228162
6890              14464.4034245535731
6900              14511.4682429432869
6910              14557.1587825834751
6920              14601.4611265257001
6930              14644.3617807283998
6940              14685.8476781740785
6950              14725.9061828389764
6960              14764.5250935360789
6970              14801.6926476493478
6980              14837.3975246995687
6990              14871.6288497895002
7000              14904.3761969342828
7010              14935.629592205584 
7020              14965.3795168071985
7030              14993.6169099271297
7040              15020.3331715419888
7050              15045.5201649978757
7060              15069.1702195107937
7070              15091.2761324927211
7080              15111.8311717346311
7090              15130.8290774792433
7100              15148.2640643045306
7110              15164.130822892487 
7120              15178.4245216399431
7130              15191.1408081397414
7140              15202.2758104875684
7150              15211.8261384785175
7160              15219.7888846203685
7170              15226.1616250246763
7180              15230.9424201488495
7190              15234.1298153802752
