441568800         5.38162884536875338e-05
441568801         5.38089314386763971e-05
441568802         5.38015767308152281e-05
441568803         5.37942243325904324e-05
441568804         5.37868742464834471e-05
441568805         5.37795264749745836e-05
441568806         5.37721810205439506e-05
441568807         5.37648378856670435e-05
441568808         5.37574970728168262e-05
441568809         5.37501585844649585e-05
441568810         5.37428224230772155e-05
441568811         5.37354885911271363e-05
441568812         5.37281570910722772e-05
441568813         5.37208279253800441e-05
441568814         5.37135010965074159e-05
441568815         5.37061766069121845e-05
441568816         5.36988544590512749e-05
441568817         5.36915346553774e-05
441568818         5.36842171983391413e-05
441568819         5.36769020903864444e-05
441568820         5.36695893339671907e-05
441568821         5.36622789315218406e-05
441568822         5.36549708854974333e-05
441568823         5.36476651983278536e-05
441568824         5.36403618724535045e-05
441568825         5.36330609103108222e-05
441568826         5.3625762314328206e-05
441568827         5.36184660869393002e-05
441568828         5.36111722305708472e-05
441568829         5.36038807476507049e-05
441568830         5.35965916406026724e-05
441568831         5.35893049118462284e-05
441568832         5.35820205638009654e-05
441568833         5.35747385988877628e-05
441568834         5.35674590195162022e-05
441568835         5.35601818281033026e-05
441568836         5.35529070270576588e-05
441568837         5.3545634618787268e-05
441568838         5.35383646056993592e-05
441568839         5.35310969901972673e-05
441568840         5.35238317746821852e-05
441568841         5.35165689615547576e-05
441568842         5.35093085532117791e-05
441568843         5.35020505520485564e-05
441568844         5.34947949604567916e-05
441568845         5.34875417808279658e-05
441568846         5.34802910155536529e-05
441568847         5.34730426670147888e-05
441568848         5.34657967376009352e-05
441568849         5.34585532296888679e-05
441568850         5.34513121456636412e-05
441568851         5.34440734878979752e-05
441568852         5.34368372587715713e-05
441568853         5.34296034606556002e-05
441568854         5.34223720959232841e-05
441568855         5.34151431669398416e-05
441568856         5.34079166760762634e-05
441568857         5.34006926256946918e-05
441568858         5.33934710181589481e-05
441568859         5.33862518558303524e-05
441568860         5.33790351410654714e-05
441568861         5.33718208762217049e-05
441568862         5.33646090636523311e-05
441568863         5.33573997057093665e-05
441568864         5.33501928047446411e-05
441568865         5.33429883631022799e-05
441568866         5.33357863831305441e-05
441568867         5.33285868671725685e-05
441568868         5.33213898175685844e-05
441568869         5.3314195236658556e-05
441568870         5.33070031267799312e-05
441568871         5.32998134902669725e-05
441568872         5.3292626329453814e-05
441568873         5.32854416466690835e-05
441568874         5.32782594442431103e-05
441568875         5.32710797245034314e-05
441568876         5.32639024897731532e-05
441568877         5.3256727742374166e-05
441568878         5.32495554846291364e-05
441568879         5.32423857188552559e-05
441568880         5.32352184473671341e-05
441568881         5.32280536724780884e-05
441568882         5.32208913965061808e-05
441568883         5.32137316217559094e-05
441568884         5.32065743505361849e-05
441568885         5.31994195851534554e-05
441568886         5.31922673279121186e-05
441568887         5.31851175811122475e-05
441568888         5.31779703470552917e-05
441568889         5.31708256280388893e-05
441568890         5.31636834263570256e-05
441568891         5.31565437443049011e-05
441568892         5.31494065841725094e-05
441568893         5.31422719482498194e-05
441568894         5.31351398388237271e-05
441568895         5.31280102581831097e-05
441568896         5.31208832086072308e-05
441568897         5.31137586923770057e-05
441568898         5.3106636711774833e-05
441568899         5.30995172690765575e-05
441568900         5.30924003665576102e-05
441568901         5.30852860064895826e-05
441568902         5.30781741911474329e-05
441568903         5.30710649227973036e-05
441568904         5.30639582037064899e-05
441568905         5.30568540361420343e-05
441568906         5.30497524223642818e-05
441568907         5.30426533646390605e-05
441568908         5.30355568652198743e-05
441568909         5.30284629263681826e-05
441568910         5.30213715503393312e-05
441568911         5.30142827393817475e-05
441568912         5.3007196495750911e-05
441568913         5.30001128216971195e-05
441568914         5.29930317194632875e-05
441568915         5.2985953191297674e-05
441568916         5.29788772394436239e-05
441568917         5.29718038661413097e-05
441568918         5.29647330736316654e-05
441568919         5.29576648641512798e-05
441568920         5.29505992399352914e-05
441568921         5.29435362032173877e-05
441568922         5.29364757562285297e-05
441568923         5.29294179011996921e-05
441568924         5.2922362640357496e-05
441568925         5.29153099759287901e-05
441568926         5.29082599101385093e-05
441568927         5.29012124452032636e-05
441568928         5.28941675833482412e-05
441568929         5.28871253267872283e-05
441568930         5.2880085677741232e-05
441568931         5.28730486384213571e-05
441568932         5.28660142110375523e-05
441568933         5.28589823978047318e-05
441568934         5.28519532009276265e-05
441568935         5.28449266226164621e-05
441568936         5.28379026650720253e-05
441568937         5.28308813304971737e-05
441568938         5.28238626210949689e-05
441568939         5.28168465390625237e-05
441568940         5.28098330865965964e-05
441568941         5.2802822265893706e-05
441568942         5.27958140791436125e-05
441568943         5.27888085285410654e-05
441568944         5.27818056162745011e-05
441568945         5.27748053445314573e-05
441568946         5.2767807715496017e-05
441568947         5.27608127313525021e-05
441568948         5.27538203942821081e-05
441568949         5.27468307064660727e-05
441568950         5.27398436700822266e-05
441568951         5.27328592873040669e-05
441568952         5.27258775603119534e-05
441568953         5.2718898491271608e-05
441568954         5.27119220823545719e-05
441568955         5.2704948335732911e-05
441568956         5.26979772535710344e-05
441568957         5.26910088380356834e-05
441568958         5.26840430912876255e-05
441568959         5.26770800154901328e-05
441568960         5.26701196128017644e-05
441568961         5.26631618853780926e-05
441568962         5.26562068353800046e-05
441568963         5.26492544649577754e-05
441568964         5.26423047762614201e-05
441568965         5.26353577714449393e-05
441568966         5.26284134526544256e-05
441568967         5.262147182203959e-05
441568968         5.26145328817425615e-05
441568969         5.26075966339060174e-05
441568970         5.26006630806722736e-05
441568971         5.2593732224177882e-05
441568972         5.25868040665650276e-05
441568973         5.25798786099662023e-05
441568974         5.2572955856516789e-05
441568975         5.25660358083473073e-05
441568976         5.25591184675879678e-05
441568977         5.25522038363686631e-05
441568978         5.2545291916816062e-05
441568979         5.25383827110532012e-05
441568980         5.25314762212045324e-05
441568981         5.25245724493906627e-05
441568982         5.25176713977318503e-05
441568983         5.25107730683460385e-05
441568984         5.25038774633481889e-05
441568985         5.24969845848532055e-05
441568986         5.24900944349742369e-05
441568987         5.24832070158195248e-05
441568988         5.24763223294984376e-05
441568989         5.24694403781201944e-05
441568990         5.24625611637884358e-05
441568991         5.24556846886076826e-05
441568992         5.2448810954678774e-05
441568993         5.24419399641019575e-05
441568994         5.24350717189767049e-05
441568995         5.2428206221398035e-05
441568996         5.24213434734622307e-05
441568997         5.24144834772589034e-05
441568998         5.24076262348841026e-05
441568999         5.24007717484248155e-05
441569000         5.23939200199714946e-05
441569001         5.23870710516063949e-05
441569002         5.23802248454151759e-05
441569003         5.23733814034816264e-05
441569004         5.23665407278860924e-05
441569005         5.23597028207088314e-05
441569006         5.2352867684024284e-05
441569007         5.23460353199120289e-05
441569008         5.23392057304436602e-05
441569009         5.23323789176932869e-05
441569010         5.23255548837300856e-05
441569011         5.23187336306237409e-05
441569012         5.23119151604412474e-05
441569013         5.23050994752477705e-05
441569014         5.22982865771078194e-05
441569015         5.22914764680846527e-05
441569016         5.22846691502351664e-05
441569017         5.2277864625621856e-05
441569018         5.22710628963013304e-05
441569019         5.22642639643274322e-05
441569020         5.22574678317570561e-05
441569021         5.22506745006376943e-05
441569022         5.22438839730185908e-05
441569023         5.22370962509568499e-05
441569024         5.22303113364922701e-05
441569025         5.22235292316730945e-05
441569026         5.22167499385431721e-05
441569027         5.22099734591427926e-05
441569028         5.22031997955140252e-05
441569029         5.21964289496941041e-05
441569030         5.2189660923722147e-05
441569031         5.21828957196317236e-05
441569032         5.21761333394572704e-05
441569033         5.21693737852323021e-05
441569034         5.21626170589840764e-05
441569035         5.21558631627440484e-05
441569036         5.21491120985399396e-05
441569037         5.21423638683956941e-05
441569038         5.21356184743344294e-05
441569039         5.21288759183812984e-05
441569040         5.21221362025567528e-05
441569041         5.21153993288787903e-05
441569042         5.2108665299364259e-05
441569043         5.21019341160292563e-05
441569044         5.20952057808880726e-05
441569045         5.20884802959534244e-05
441569046         5.20817576632376365e-05
441569047         5.20750378847482906e-05
441569048         5.20683209624947404e-05
441569049         5.20616068984811003e-05
441569050         5.20548956947129858e-05
441569051         5.20481873531962149e-05
441569052         5.2041481875927584e-05
441569053         5.20347792649090294e-05
441569054         5.20280795221398994e-05
441569055         5.2021382649615297e-05
441569056         5.20146886493295133e-05
441569057         5.20079975232799654e-05
441569058         5.20013092734531134e-05
441569059         5.1994623901842613e-05
441569060         5.19879414104372394e-05
441569061         5.19812618012219513e-05
441569062         5.19745850761856824e-05
441569063         5.1967911237309235e-05
441569064         5.19612402865775707e-05
441569065         5.1954572225968966e-05
441569066         5.19479070574663465e-05
441569067         5.19412447830451117e-05
441569068         5.19345854046817122e-05
441569069         5.19279289243518951e-05
441569070         5.19212753440270941e-05
441569071         5.19146246656789637e-05
441569072         5.19079768912800103e-05
441569073         5.19013320227968834e-05
441569074         5.18946900621975252e-05
441569075         5.18880510114451768e-05
441569076         5.18814148725071431e-05
441569077         5.18747816473444665e-05
441569078         5.18681513379162078e-05
441569079         5.18615239461837587e-05
441569080         5.18548994741048822e-05
441569081         5.18482779236351743e-05
441569082         5.18416592967290619e-05
441569083         5.18350435953410014e-05
441569084         5.18284308214220571e-05
441569085         5.18218209769219199e-05
441569086         5.18152140637922036e-05
441569087         5.18086100839763043e-05
441569088         5.18020090394220101e-05
441569089         5.17954109320728741e-05
441569090         5.17888157638725433e-05
441569091         5.17822235367624639e-05
441569092         5.17756342526807481e-05
441569093         5.17690479135668493e-05
441569094         5.17624645213575607e-05
441569095         5.17558840779907687e-05
441569096         5.17493065853919357e-05
441569097         5.17427320455024753e-05
441569098         5.1736160460250064e-05
441569099         5.17295918315645744e-05
441569100         5.17230261613725113e-05
441569101         5.17164634516015102e-05
441569102         5.17099037041759324e-05
441569103         5.17033469210197635e-05
441569104         5.16967931040544159e-05
441569105         5.16902422552024035e-05
441569106         5.16836943763796971e-05
441569107         5.16771494695086362e-05
441569108         5.16706075365020388e-05
441569109         5.16640685792733207e-05
441569110         5.16575325997407038e-05
441569111         5.16509995998141298e-05
441569112         5.16444695814006497e-05
441569113         5.16379425464139531e-05
441569114         5.16314184967597921e-05
441569115         5.16248974343432117e-05
441569116         5.16183793610712994e-05
441569117         5.16118642788465986e-05
441569118         5.1605352189571141e-05
441569119         5.1598843095145011e-05
441569120         5.15923369974661716e-05
441569121         5.15858338984348645e-05
441569122         5.1579333799945815e-05
441569123         5.15728367038930429e-05
441569124         5.1566342612170658e-05
441569125         5.15598515266721294e-05
441569126         5.1553363449286617e-05
441569127         5.15468783819033539e-05
441569128         5.15403963264104418e-05
441569129         5.15339172846940786e-05
441569130         5.15274412586398139e-05
441569131         5.15209682501313205e-05
441569132         5.15144982610506178e-05
441569133         5.15080312932755402e-05
441569134         5.15015673486926115e-05
441569135         5.14951064291730718e-05
441569136         5.14886485365978122e-05
441569137         5.1482193672838962e-05
441569138         5.14757418397726184e-05
441569139         5.14692930392723144e-05
441569140         5.14628472732053698e-05
441569141         5.14564045434452648e-05
441569142         5.14499648518603441e-05
441569143         5.14435282003146891e-05
441569144         5.14370945906781455e-05
441569145         5.1430664024810956e-05
441569146         5.14242365045786095e-05
441569147         5.14178120318426987e-05
441569148         5.14113906084631092e-05
441569149         5.14049722362981885e-05
441569150         5.13985569172077838e-05
441569151         5.13921446530462578e-05
441569152         5.1385735445668325e-05
441569153         5.1379329296928441e-05
441569154         5.13729262086788712e-05
441569155         5.13665261827709971e-05
441569156         5.13601292210538213e-05
441569157         5.13537353253748711e-05
441569158         5.13473444975820312e-05
441569159         5.13409567395212808e-05
441569160         5.13345720530373551e-05
441569161         5.13281904399714282e-05
441569162         5.13218119021657365e-05
441569163         5.13154364414624416e-05
441569164         5.13090640596987961e-05
441569165         5.13026947587113056e-05
441569166         5.12963285403391018e-05
441569167         5.12899654064157232e-05
441569168         5.12836053587769539e-05
441569169         5.12772483992542555e-05
441569170         5.12708945296768925e-05
441569171         5.1264543751876255e-05
441569172         5.12581960676820991e-05
441569173         5.1251851478920226e-05
441569174         5.12455099874181434e-05
441569175         5.12391715949996141e-05
441569176         5.1232836303487098e-05
441569177         5.12265041147058662e-05
441569178         5.12201750304733643e-05
441569179         5.12138490526127697e-05
441569180         5.12075261829389098e-05
441569181         5.12012064232716024e-05
441569182         5.1194889775424921e-05
441569183         5.11885762412139296e-05
441569184         5.11822658224536277e-05
441569185         5.11759585209528533e-05
441569186         5.11696543385248048e-05
441569187         5.11633532769792383e-05
441569188         5.11570553381239104e-05
441569189         5.11507605237640064e-05
441569190         5.11444688357060342e-05
441569191         5.11381802757562713e-05
441569192         5.11318948457193827e-05
441569193         5.11256125473949181e-05
441569194         5.11193333825811187e-05
441569195         5.11130573530803605e-05
441569196         5.11067844606930061e-05
441569197         5.11005147072116171e-05
441569198         5.10942480944360929e-05
441569199         5.10879846241589306e-05
441569200         5.10817242981747609e-05
441569201         5.10754671182744966e-05
441569202         5.10692130862489179e-05
441569203         5.10629622038881962e-05
441569204         5.10567144729823556e-05
441569205         5.10504698953166884e-05
441569206         5.10442284726782543e-05
441569207         5.10379902068520982e-05
441569208         5.10317550996199444e-05
441569209         5.10255231527677181e-05
441569210         5.10192943680735107e-05
441569211         5.10130687473179709e-05
441569212         5.10068462922825436e-05
441569213         5.10006270047422884e-05
441569214         5.09944108864739181e-05
441569215         5.0988197939253611e-05
441569216         5.0981988164854028e-05
441569217         5.09757815650493196e-05
441569218         5.09695781416120939e-05
441569219         5.09633778963109694e-05
441569220         5.09571808309148087e-05
441569221         5.09509869471938762e-05
441569222         5.09447962469134815e-05
441569223         5.0938608731841519e-05
441569224         5.09324244037400982e-05
441569225         5.09262432643741876e-05
441569226         5.09200653155055851e-05
441569227         5.09138905588943392e-05
441569228         5.09077189963046577e-05
441569229         5.09015506294907056e-05
441569230         5.08953854602118623e-05
441569231         5.08892234902250611e-05
441569232         5.08830647212842479e-05
441569233         5.08769091551450354e-05
441569234         5.08707567935609051e-05
441569235         5.08646076382824195e-05
441569236         5.08584616910589362e-05
441569237         5.08523189536436146e-05
441569238         5.08461794277834355e-05
441569239         5.08400431152242066e-05
441569240         5.08339100177139915e-05
441569241         5.08277801369969939e-05
441569242         5.08216534748176316e-05
441569243         5.08155300329180736e-05
441569244         5.08094098130394389e-05
441569245         5.08032928169250299e-05
441569246         5.07971790463131825e-05
441569247         5.07910685029394543e-05
441569248         5.07849611885435393e-05
441569249         5.07788571048610414e-05
441569250         5.07727562536280535e-05
441569251         5.07666586365755105e-05
441569252         5.07605642554369489e-05
441569253         5.07544731119485175e-05
441569254         5.07483852078330281e-05
441569255         5.07423005448284587e-05
441569256         5.07362191246562646e-05
441569257         5.07301409490457867e-05
441569258         5.07240660197241829e-05
441569259         5.07179943384152207e-05
441569260         5.07119259068432821e-05
441569261         5.07058607267322445e-05
441569262         5.06997987998009746e-05
441569263         5.06937401277737542e-05
441569264         5.06876847123692564e-05
441569265         5.06816325553032241e-05
441569266         5.06755836582962255e-05
441569267         5.06695380230643614e-05
441569268         5.06634956513197601e-05
441569269         5.06574565447801155e-05
441569270         5.06514207051584122e-05
441569271         5.06453881341632535e-05
441569272         5.06393588335116773e-05
441569273         5.0633332804907897e-05
441569274         5.06273100500625322e-05
441569275         5.06212905706834592e-05
441569276         5.06152743684788016e-05
441569277         5.06092614451522283e-05
441569278         5.06032518024094112e-05
441569279         5.05972454419556774e-05
441569280         5.05912423654905855e-05
441569281         5.05852425747178322e-05
441569282         5.05792460713353414e-05
441569283         5.05732528570443903e-05
441569284         5.05672629335449101e-05
441569285         5.05612763025306289e-05
441569286         5.0555292965700514e-05
441569287         5.05493129247489683e-05
441569288         5.0543336181369612e-05
441569289         5.05373627372568642e-05
441569290         5.05313925941021694e-05
441569291         5.05254257535962118e-05
441569292         5.05194622174314804e-05
441569293         5.05135019872939967e-05
441569294         5.05075450648734475e-05
441569295         5.05015914518567182e-05
441569296         5.04956411499295305e-05
441569297         5.04896941607791263e-05
441569298         5.04837504860853928e-05
441569299         5.04778101275358242e-05
441569300         5.04718730868074253e-05
441569301         5.04659393655859e-05
441569302         5.04600089655505497e-05
441569303         5.04540818883782009e-05
441569304         5.04481581357481746e-05
441569305         5.04422377093357732e-05
441569306         5.04363206108209857e-05
441569307         5.04304068418752616e-05
441569308         5.04244964041733559e-05
441569309         5.04185892993894957e-05
441569310         5.04126855291951109e-05
441569311         5.04067850952621429e-05
441569312         5.04008879992568542e-05
441569313         5.03949942428545643e-05
441569314         5.03891038277189854e-05
441569315         5.03832167555187061e-05
441569316         5.03773330279195607e-05
441569317         5.03714526465868198e-05
441569318         5.03655756131867005e-05
441569319         5.03597019293786334e-05
441569320         5.03538315968276418e-05
441569321         5.0347964617194064e-05
441569322         5.03421009921386352e-05
441569323         5.03362407233222097e-05
441569324         5.03303838124019942e-05
441569325         5.03245302610352953e-05
441569326         5.03186800708787659e-05
441569327         5.03128332435887631e-05
441569328         5.03069897808185537e-05
441569329         5.03011496842224341e-05
441569330         5.02953129554558242e-05
441569331         5.02894795961675951e-05
441569332         5.02836496080085352e-05
441569333         5.02778229926305847e-05
441569334         5.02719997516810542e-05
441569335         5.02661798868084487e-05
441569336         5.02603633996618229e-05
441569337         5.02545502918836884e-05
441569338         5.02487405651237495e-05
441569339         5.02429342210234687e-05
441569340         5.02371312612267103e-05
441569341         5.0231331687375321e-05
441569342         5.02255355011151337e-05
441569343         5.02197427040803759e-05
441569344         5.02139532979165096e-05
441569345         5.02081672842577205e-05
441569346         5.02023846647461594e-05
441569347         5.01966054410172958e-05
441569348         5.01908296147055302e-05
441569349         5.01850571874503372e-05
441569350         5.01792881608817511e-05
441569351         5.01735225366344125e-05
441569352         5.01677603163406725e-05
441569353         5.01620015016342566e-05
441569354         5.01562460941443314e-05
441569355         5.0150494095499788e-05
441569356         5.01447455073315702e-05
441569357         5.01390003312669458e-05
441569358         5.01332585689315089e-05
441569359         5.01275202219540703e-05
441569360         5.01217852919588884e-05
441569361         5.01160537805715022e-05
441569362         5.01103256894139094e-05
441569363         5.01046010201091218e-05
441569364         5.00988797742798768e-05
441569365         5.00931619535476615e-05
441569366         5.00874475595318788e-05
441569367         5.0081736593851562e-05
441569368         5.00760290581258565e-05
441569369         5.0070324953970535e-05
441569370         5.00646242830040188e-05
441569371         5.00589270468398365e-05
441569372         5.00532332470961003e-05
441569373         5.00475428853874617e-05
441569374         5.00418559633226593e-05
441569375         5.00361724825163226e-05
441569376         5.00304924445816334e-05
441569377         5.00248158511288807e-05
441569378         5.00191427037638785e-05
441569379         5.00134730041025346e-05
441569380         5.000780675374496e-05
441569381         5.0002143954305317e-05
441569382         4.9996484607387177e-05
441569383         4.99908287145932547e-05
441569384         4.99851762775343007e-05
441569385         4.99795272978105649e-05
441569386         4.99738817770260019e-05
441569387         4.99682397167826921e-05
441569388         4.99626011186817514e-05
441569389         4.99569659843260491e-05
441569390         4.99513343153115275e-05
441569391         4.99457061132388338e-05
441569392         4.99400813797079379e-05
441569393         4.99344601163132102e-05
441569394         4.99288423246521666e-05
441569395         4.99232280063215421e-05
441569396         4.99176171629169172e-05
441569397         4.99120097960302862e-05
441569398         4.99064059072536533e-05
441569399         4.9900805498182959e-05
441569400         4.98952085704079356e-05
