441568800         5.45151183589572e-05
441568801         5.45139945170898e-05
441568802         5.451287167423e-05
441568803         5.45117498305496e-05
441568804         5.45106289862266e-05
441568805         5.45095091414353e-05
441568806         5.45083902963463e-05
441568807         5.45072724511321e-05
441568808         5.45061556059636e-05
441568809         5.45050397610124e-05
441568810         5.45039249164543e-05
441568811         5.45028110724589e-05
441568812         5.45016982291912e-05
441568813         5.45005863868224e-05
441568814         5.44994755455256e-05
441568815         5.449836570547e-05
441568816         5.44972568668247e-05
441568817         5.44961490297571e-05
441568818         5.44950421944331e-05
441568819         5.44939363610239e-05
441568820         5.44928315296967e-05
441568821         5.44917277006166e-05
441568822         5.44906248739501e-05
441568823         5.44895230498668e-05
441568824         5.44884222285315e-05
441568825         5.44873224101064e-05
441568826         5.44862235947588e-05
441568827         5.44851257826546e-05
441568828         5.4484028973956e-05
441568829         5.44829331688271e-05
441568830         5.44818383674346e-05
441568831         5.44807445699409e-05
441568832         5.44796517765054e-05
441568833         5.44785599872929e-05
441568834         5.44774692024667e-05
441568835         5.44763794221863e-05
441568836         5.44752906466153e-05
441568837         5.44742028759158e-05
441568838         5.44731161102442e-05
441568839         5.44720303497618e-05
441568840         5.44709455946329e-05
441568841         5.44698618450117e-05
441568842         5.44687791010572e-05
441568843         5.44676973629339e-05
441568844         5.44666166307969e-05
441568845         5.44655369048044e-05
441568846         5.44644581851139e-05
441568847         5.44633804718808e-05
441568848         5.44623037652653e-05
441568849         5.4461228065423e-05
441568850         5.44601533725091e-05
441568851         5.44590796866828e-05
441568852         5.44580070080987e-05
441568853         5.44569353369096e-05
441568854         5.44558646732705e-05
441568855         5.44547950173381e-05
441568856         5.44537263692654e-05
441568857         5.44526587292051e-05
441568858         5.44515920973128e-05
441568859         5.44505264737416e-05
441568860         5.44494618586421e-05
441568861         5.44483982521666e-05
441568862         5.44473356544682e-05
441568863         5.44462740657019e-05
441568864         5.44452134860147e-05
441568865         5.44441539155563e-05
441568866         5.44430953544807e-05
441568867         5.44420378029371e-05
441568868         5.44409812610765e-05
441568869         5.44399257290463e-05
441568870         5.44388712069956e-05
441568871         5.44378176950767e-05
441568872         5.44367651934369e-05
441568873         5.44357137022213e-05
441568874         5.44346632215787e-05
441568875         5.4433613751661e-05
441568876         5.44325652926121e-05
441568877         5.44315178445755e-05
441568878         5.44304714077009e-05
441568879         5.44294259821379e-05
441568880         5.44283815680288e-05
441568881         5.44273381655169e-05
441568882         5.44262957747508e-05
441568883         5.44252543958739e-05
441568884         5.44242140290297e-05
441568885         5.44231746743633e-05
441568886         5.44221363320208e-05
441568887         5.44210990021433e-05
441568888         5.44200626848717e-05
441568889         5.44190273803532e-05
441568890         5.4417993088728e-05
441568891         5.44169598101371e-05
441568892         5.44159275447244e-05
441568893         5.44148962926282e-05
441568894         5.44138660539916e-05
441568895         5.44128368289587e-05
441568896         5.44118086176677e-05
441568897         5.44107814202545e-05
441568898         5.44097552368598e-05
441568899         5.44087300676274e-05
441568900         5.44077059126955e-05
441568901         5.44066827722038e-05
441568902         5.44056606462875e-05
441568903         5.44046395350816e-05
441568904         5.44036194387294e-05
441568905         5.44026003573703e-05
441568906         5.44015822911395e-05
441568907         5.44005652401706e-05
441568908         5.43995492046e-05
441568909         5.43985341845683e-05
441568910         5.43975201802102e-05
441568911         5.43965071916593e-05
441568912         5.43954952190517e-05
441568913         5.43944842625203e-05
441568914         5.43934743222039e-05
441568915         5.4392465398237e-05
441568916         5.43914574907501e-05
441568917         5.43904505998758e-05
441568918         5.43894447257508e-05
441568919         5.43884398685079e-05
441568920         5.43874360282779e-05
441568921         5.43864332051963e-05
441568922         5.43854313993919e-05
441568923         5.43844306109942e-05
441568924         5.43834308401414e-05
441568925         5.43824320869634e-05
441568926         5.43814343515845e-05
441568927         5.43804376341407e-05
441568928         5.43794419347644e-05
441568929         5.43784472535799e-05
441568930         5.4377453590717e-05
441568931         5.43764609463092e-05
441568932         5.43754693204833e-05
441568933         5.43744787133669e-05
441568934         5.43734891250916e-05
441568935         5.43725005557833e-05
441568936         5.43715130055676e-05
441568937         5.4370526474574e-05
441568938         5.43695409629309e-05
441568939         5.43685564707661e-05
441568940         5.43675729982028e-05
441568941         5.43665905453663e-05
441568942         5.43656091123857e-05
441568943         5.43646286993867e-05
441568944         5.43636493064935e-05
441568945         5.4362670933829e-05
441568946         5.436169358152e-05
441568947         5.43607172496942e-05
441568948         5.43597419384714e-05
441568949         5.43587676479756e-05
441568950         5.43577943783312e-05
441568951         5.43568221296604e-05
441568952         5.43558509020907e-05
441568953         5.43548806957433e-05
441568954         5.43539115107365e-05
441568955         5.43529433471913e-05
441568956         5.43519762052336e-05
441568957         5.4351010084984e-05
441568958         5.43500449865646e-05
441568959         5.43490809100964e-05
441568960         5.43481178556989e-05
441568961         5.43471558234913e-05
441568962         5.43461948135925e-05
441568963         5.43452348261257e-05
441568964         5.43442758612101e-05
441568965         5.43433179189661e-05
441568966         5.43423609995092e-05
441568967         5.43414051029581e-05
441568968         5.43404502294332e-05
441568969         5.43394963790504e-05
441568970         5.43385435519275e-05
441568971         5.43375917481849e-05
441568972         5.4336640967939e-05
441568973         5.43356912113033e-05
441568974         5.43347424783965e-05
441568975         5.43337947693361e-05
441568976         5.43328480842371e-05
441568977         5.43319024232129e-05
441568978         5.43309577863823e-05
441568979         5.43300141738606e-05
441568980         5.43290715857616e-05
441568981         5.43281300221987e-05
441568982         5.43271894832874e-05
441568983         5.43262499691441e-05
441568984         5.43253114798802e-05
441568985         5.43243740156083e-05
441568986         5.43234375764427e-05
441568987         5.43225021624986e-05
441568988         5.43215677738832e-05
441568989         5.43206344107111e-05
441568990         5.43197020730987e-05
441568991         5.43187707611538e-05
441568992         5.43178404749889e-05
441568993         5.43169112147175e-05
441568994         5.43159829804464e-05
441568995         5.43150557722886e-05
441568996         5.43141295903545e-05
441568997         5.43132044347544e-05
441568998         5.43122803055994e-05
441568999         5.4311357202997e-05
441569000         5.43104351270579e-05
441569001         5.43095140778921e-05
441569002         5.43085940556076e-05
441569003         5.43076750603131e-05
441569004         5.43067570921168e-05
441569005         5.43058401511269e-05
441569006         5.43049242374492e-05
441569007         5.43040093511934e-05
441569008         5.43030954924688e-05
441569009         5.43021826613806e-05
441569010         5.43012708580365e-05
441569011         5.43003600825408e-05
441569012         5.42994503350011e-05
441569013         5.42985416155232e-05
441569014         5.4297633924213e-05
441569015         5.4296727261176e-05
441569016         5.42958216265173e-05
441569017         5.42949170203452e-05
441569018         5.42940134427601e-05
441569019         5.42931108938654e-05
441569020         5.42922093737654e-05
441569021         5.4291308882566e-05
441569022         5.42904094203732e-05
441569023         5.42895109872883e-05
441569024         5.42886135834176e-05
441569025         5.42877172088586e-05
441569026         5.42868218637143e-05
441569027         5.428592754809e-05
441569028         5.4285034262087e-05
441569029         5.42841420058103e-05
441569030         5.42832507793574e-05
441569031         5.42823605828286e-05
441569032         5.42814714163272e-05
441569033         5.4280583279954e-05
441569034         5.427969617381e-05
441569035         5.42788100979963e-05
441569036         5.42779250526133e-05
441569037         5.42770410377577e-05
441569038         5.42761580535323e-05
441569039         5.42752761000355e-05
441569040         5.42743951773654e-05
441569041         5.42735152856231e-05
441569042         5.42726364249051e-05
441569043         5.42717585953131e-05
441569044         5.42708817969431e-05
441569045         5.42700060298921e-05
441569046         5.42691312942598e-05
441569047         5.42682575901406e-05
441569048         5.42673849176338e-05
441569049         5.42665132768375e-05
441569050         5.42656426678495e-05
441569051         5.42647730907641e-05
441569052         5.42639045456744e-05
441569053         5.42630370326797e-05
441569054         5.42621705518778e-05
441569055         5.42613051033633e-05
441569056         5.42604406872293e-05
441569057         5.42595773035719e-05
441569058         5.4258714952485e-05
441569059         5.42578536340631e-05
441569060         5.42569933484027e-05
441569061         5.4256134095599e-05
441569062         5.42552758757438e-05
441569063         5.42544186889275e-05
441569064         5.42535625352479e-05
441569065         5.42527074147991e-05
441569066         5.4251853327673e-05
441569067         5.42510002739593e-05
441569068         5.42501482537503e-05
441569069         5.42492972671416e-05
441569070         5.42484473142262e-05
441569071         5.42475983950938e-05
441569072         5.42467505098338e-05
441569073         5.42459036585408e-05
441569074         5.42450578413069e-05
441569075         5.42442130582188e-05
441569076         5.42433693093682e-05
441569077         5.42425265948487e-05
441569078         5.42416849147462e-05
441569079         5.4240844269154e-05
441569080         5.42400046581627e-05
441569081         5.42391660818599e-05
441569082         5.42383285403326e-05
441569083         5.42374920336711e-05
441569084         5.42366565619662e-05
441569085         5.42358221253067e-05
441569086         5.42349887237798e-05
441569087         5.42341563574726e-05
441569088         5.42333250264753e-05
441569089         5.42324947308734e-05
441569090         5.42316654707555e-05
441569091         5.42308372462111e-05
441569092         5.4230010057324e-05
441569093         5.4229183904181e-05
441569094         5.422835878687e-05
441569095         5.42275347054761e-05
441569096         5.42267116600898e-05
441569097         5.42258896507961e-05
441569098         5.42250686776744e-05
441569099         5.42242487408134e-05
441569100         5.42234298403036e-05
441569101         5.4222611976224e-05
441569102         5.42217951486593e-05
441569103         5.42209793576994e-05
441569104         5.42201646034258e-05
441569105         5.42193508859206e-05
441569106         5.42185382052709e-05
441569107         5.42177265615605e-05
441569108         5.421691595487e-05
441569109         5.42161063852858e-05
441569110         5.42152978528912e-05
441569111         5.42144903577692e-05
441569112         5.42136838999993e-05
441569113         5.42128784796641e-05
441569114         5.42120740968523e-05
441569115         5.42112707516396e-05
441569116         5.42104684441101e-05
441569117         5.42096671743467e-05
441569118         5.42088669424296e-05
441569119         5.42080677484403e-05
441569120         5.42072695924587e-05
441569121         5.42064724745689e-05
441569122         5.42056763948475e-05
441569123         5.42048813533779e-05
441569124         5.42040873502406e-05
441569125         5.42032943855123e-05
441569126         5.42025024592772e-05
441569127         5.42017115716107e-05
441569128         5.42009217225944e-05
441569129         5.42001329123096e-05
441569130         5.41993451408312e-05
441569131         5.41985584082411e-05
441569132         5.4197772714617e-05
441569133         5.41969880600373e-05
441569134         5.41962044445802e-05
441569135         5.41954218683249e-05
441569136         5.4194640331347e-05
441569137         5.41938598337242e-05
441569138         5.41930803755361e-05
441569139         5.41923019568599e-05
441569140         5.41915245777705e-05
441569141         5.41907482383458e-05
441569142         5.41899729386647e-05
441569143         5.41891986787992e-05
441569144         5.41884254588269e-05
441569145         5.41876532788257e-05
441569146         5.41868821388716e-05
441569147         5.41861120390393e-05
441569148         5.4185342979404e-05
441569149         5.41845749600423e-05
441569150         5.4183807981026e-05
441569151         5.41830420424322e-05
441569152         5.41822771443366e-05
441569153         5.41815132868126e-05
441569154         5.41807504699346e-05
441569155         5.41799886937767e-05
441569156         5.41792279584128e-05
441569157         5.41784682639156e-05
441569158         5.41777096103608e-05
441569159         5.41769519978218e-05
441569160         5.41761954263685e-05
441569161         5.41754398960761e-05
441569162         5.41746854070183e-05
441569163         5.41739319592668e-05
441569164         5.4173179552894e-05
441569165         5.41724281879721e-05
441569166         5.41716778645742e-05
441569167         5.4170928582769e-05
441569168         5.41701803426314e-05
441569169         5.41694331442317e-05
441569170         5.41686869876414e-05
441569171         5.41679418729335e-05
441569172         5.41671978001738e-05
441569173         5.41664547694362e-05
441569174         5.41657127807934e-05
441569175         5.41649718343145e-05
441569176         5.4164231930068e-05
441569177         5.41634930681236e-05
441569178         5.41627552485513e-05
441569179         5.41620184714217e-05
441569180         5.41612827368075e-05
441569181         5.41605480447727e-05
441569182         5.41598143953885e-05
441569183         5.4159081788726e-05
441569184         5.41583502248487e-05
441569185         5.41576197038304e-05
441569186         5.41568902257383e-05
441569187         5.41561617906378e-05
441569188         5.41554343986008e-05
441569189         5.41547080496922e-05
441569190         5.41539827439808e-05
441569191         5.41532584815329e-05
441569192         5.41525352624159e-05
441569193         5.41518130867e-05
441569194         5.41510919544513e-05
441569195         5.41503718657355e-05
441569196         5.41496528206192e-05
441569197         5.41489348191668e-05
441569198         5.41482178614457e-05
441569199         5.4147501947526e-05
441569200         5.41467870774697e-05
441569201         5.41460732513424e-05
441569202         5.41453604692129e-05
441569203         5.41446487311444e-05
441569204         5.41439380372023e-05
441569205         5.41432283874506e-05
441569206         5.41425197819543e-05
441569207         5.414181222078e-05
441569208         5.41411057039925e-05
441569209         5.4140400231655e-05
441569210         5.41396958038308e-05
441569211         5.41389924205849e-05
441569212         5.41382900819823e-05
441569213         5.41375887880857e-05
441569214         5.41368885389586e-05
441569215         5.41361893346624e-05
441569216         5.41354911752624e-05
441569217         5.41347940608246e-05
441569218         5.4134097991408e-05
441569219         5.41334029670751e-05
441569220         5.41327089878897e-05
441569221         5.41320160539161e-05
441569222         5.41313241652145e-05
441569223         5.4130633321844e-05
441569224         5.41299435238715e-05
441569225         5.41292547713579e-05
441569226         5.41285670643615e-05
441569227         5.41278804029448e-05
441569228         5.41271947871732e-05
441569229         5.41265102171047e-05
441569230         5.41258266927982e-05
441569231         5.41251442143175e-05
441569232         5.41244627817233e-05
441569233         5.4123782395074e-05
441569234         5.41231030544287e-05
441569235         5.41224247598529e-05
441569236         5.41217475114033e-05
441569237         5.41210713091377e-05
441569238         5.41203961531179e-05
441569239         5.41197220434043e-05
441569240         5.41190489800564e-05
441569241         5.41183769631322e-05
441569242         5.41177059926908e-05
441569243         5.411703606879e-05
441569244         5.41163671914896e-05
441569245         5.41156993608492e-05
441569246         5.41150325769261e-05
441569247         5.41143668397766e-05
441569248         5.41137021494607e-05
441569249         5.41130385060385e-05
441569250         5.41123759095657e-05
441569251         5.41117143600999e-05
441569252         5.41110538576987e-05
441569253         5.41103944024182e-05
441569254         5.41097359943178e-05
441569255         5.41090786334534e-05
441569256         5.41084223198819e-05
441569257         5.4107767053659e-05
441569258         5.41071128348413e-05
441569259         5.41064596634882e-05
441569260         5.41058075396539e-05
441569261         5.41051564633947e-05
441569262         5.41045064347664e-05
441569263         5.41038574538238e-05
441569264         5.41032095206247e-05
441569265         5.41025626352245e-05
441569266         5.41019167976767e-05
441569267         5.41012720080374e-05
441569268         5.41006282663617e-05
441569269         5.40999855727035e-05
441569270         5.40993439271197e-05
441569271         5.40987033296648e-05
441569272         5.40980637803915e-05
441569273         5.40974252793549e-05
441569274         5.40967878266092e-05
441569275         5.40961514222086e-05
441569276         5.4095516066207e-05
441569277         5.40948817586571e-05
441569278         5.40942484996145e-05
441569279         5.40936162891327e-05
441569280         5.40929851272641e-05
441569281         5.40923550140608e-05
441569282         5.40917259495768e-05
441569283         5.40910979338652e-05
441569284         5.40904709669786e-05
441569285         5.40898450489696e-05
441569286         5.40892201798908e-05
441569287         5.40885963597965e-05
441569288         5.40879735887369e-05
441569289         5.4087351866763e-05
441569290         5.40867311939267e-05
441569291         5.40861115702809e-05
441569292         5.40854929958771e-05
441569293         5.40848754707668e-05
441569294         5.40842589950025e-05
441569295         5.40836435686333e-05
441569296         5.40830291917114e-05
441569297         5.40824158642897e-05
441569298         5.40818035864169e-05
441569299         5.40811923581428e-05
441569300         5.40805821795178e-05
441569301         5.40799730505934e-05
441569302         5.40793649714209e-05
441569303         5.40787579420494e-05
441569304         5.40781519625278e-05
441569305         5.4077547032907e-05
441569306         5.40769431532388e-05
441569307         5.40763403235687e-05
441569308         5.40757385439482e-05
441569309         5.40751378144286e-05
441569310         5.40745381350561e-05
441569311         5.40739395058807e-05
441569312         5.40733419269513e-05
441569313         5.40727453983179e-05
441569314         5.40721499200279e-05
441569315         5.40715554921289e-05
441569316         5.40709621146703e-05
441569317         5.40703697877014e-05
441569318         5.40697785112673e-05
441569319         5.4069188285418e-05
441569320         5.40685991102034e-05
441569321         5.40680109856681e-05
441569322         5.40674239118609e-05
441569323         5.40668378888292e-05
441569324         5.40662529166223e-05
441569325         5.40656689952855e-05
441569326         5.40650861248638e-05
441569327         5.40645043054062e-05
441569328         5.40639235369596e-05
441569329         5.40633438195697e-05
441569330         5.4062765153284e-05
441569331         5.4062187538151e-05
441569332         5.4061610974215e-05
441569333         5.40610354615213e-05
441569334         5.40604610001168e-05
441569335         5.40598875900476e-05
441569336         5.40593152313615e-05
441569337         5.40587439241022e-05
441569338         5.40581736683142e-05
441569339         5.40576044640441e-05
441569340         5.4057036311336e-05
441569341         5.40564692102363e-05
441569342         5.40559031607901e-05
441569343         5.40553381630442e-05
441569344         5.40547742170415e-05
441569345         5.40542113228246e-05
441569346         5.40536494804403e-05
441569347         5.4053088689933e-05
441569348         5.40525289513479e-05
441569349         5.40519702647284e-05
441569350         5.40514126301175e-05
441569351         5.40508560475602e-05
441569352         5.40503005171004e-05
441569353         5.40497460387838e-05
441569354         5.4049192612652e-05
441569355         5.40486402387466e-05
441569356         5.40480889171138e-05
441569357         5.4047538647796e-05
441569358         5.40469894308384e-05
441569359         5.40464412662818e-05
441569360         5.40458941541662e-05
441569361         5.40453480945375e-05
441569362         5.40448030874403e-05
441569363         5.40442591329151e-05
441569364         5.40437162310023e-05
441569365         5.40431743817484e-05
441569366         5.40426335851924e-05
441569367         5.40420938413755e-05
441569368         5.40415551503446e-05
441569369         5.40410175121396e-05
441569370         5.40404809267993e-05
441569371         5.40399453943672e-05
441569372         5.40394109148858e-05
441569373         5.40388774883946e-05
441569374         5.40383451149368e-05
441569375         5.40378137945526e-05
441569376         5.40372835272821e-05
441569377         5.40367543131691e-05
441569378         5.40362261522514e-05
441569379         5.40356990445689e-05
441569380         5.40351729901641e-05
441569381         5.40346479890794e-05
441569382         5.40341240413533e-05
441569383         5.40336011470261e-05
441569384         5.40330793061378e-05
441569385         5.40325585187274e-05
441569386         5.4032038784838e-05
441569387         5.40315201045063e-05
441569388         5.40310024777711e-05
441569389         5.40304859046759e-05
441569390         5.40299703852582e-05
441569391         5.40294559195574e-05
441569392         5.40289425076128e-05
441569393         5.40284301494625e-05
441569394         5.40279188451475e-05
441569395         5.40274085947048e-05
441569396         5.40268993981753e-05
441569397         5.40263912555976e-05
441569398         5.40258841670083e-05
441569399         5.4025378132446e-05
441569400         5.40248731519511e-05
