0                 -9389.68172106585
10                -9389.68224138098
20                -9389.68276168793
30                -9389.6832819867
40                -9389.6838022773
50                -9389.68432255971
60                -9389.68484283395
70                -9389.6853631   
80                -9389.68588335788
90                -9389.68640360758
100               -9389.6869238491
110               -9389.68744408244
120               -9389.6879643076
130               -9389.68848452459
140               -9389.68900473339
150               -9389.68952493402
160               -9389.69004512646
170               -9389.69056531074
180               -9389.69108548682
190               -9389.69160565473
200               -9389.69212581446
210               -9389.692645966 
220               -9389.69316610937
230               -9389.69368624457
240               -9389.69420637158
250               -9389.69472649041
260               -9389.69524660107
270               -9389.69576670354
280               -9389.69628679784
290               -9389.69680688395
300               -9389.69732696189
310               -9389.69784703164
320               -9389.69836709323
330               -9389.69888714662
340               -9389.69940719184
350               -9389.69992722888
360               -9389.70044725774
370               -9389.70096727842
380               -9389.70148729093
390               -9389.70200729524
400               -9389.70252729139
410               -9389.70304727935
420               -9389.70356725913
430               -9389.70408723073
440               -9389.70460719415
450               -9389.7051271494
460               -9389.70564709647
470               -9389.70616703534
480               -9389.70668696605
490               -9389.70720688857
500               -9389.70772680292
510               -9389.70824670908
520               -9389.70876660707
530               -9389.70928649688
540               -9389.7098063785
550               -9389.71032625195
560               -9389.71084611722
570               -9389.7113659743
580               -9389.71188582321
590               -9389.71240566394
600               -9389.71292549648
610               -9389.71344532085
620               -9389.71396513704
630               -9389.71448494504
640               -9389.71500474487
650               -9389.71552453652
660               -9389.71604431998
670               -9389.71656409527
680               -9389.71708386237
690               -9389.7176036213
700               -9389.71812337205
710               -9389.71864311462
720               -9389.719162849 
730               -9389.71968257521
740               -9389.72020229324
750               -9389.72072200308
760               -9389.72124170475
770               -9389.72176139823
780               -9389.72228108354
790               -9389.72280076067
800               -9389.72332042962
810               -9389.72384009038
820               -9389.72435974296
830               -9389.72487938737
840               -9389.72539902359
850               -9389.72591865164
860               -9389.7264382715
870               -9389.72695788319
880               -9389.72747748669
890               -9389.72799708202
900               -9389.72851666916
910               -9389.72903624812
920               -9389.7295558189
930               -9389.7300753815
940               -9389.73059493593
950               -9389.73111448217
960               -9389.73163402023
970               -9389.73215355011
980               -9389.73267307181
990               -9389.73319258533
1000              -9389.73371209067
1010              -9389.73423158782
1020              -9389.73475107681
1030              -9389.73527055761
1040              -9389.73579003022
1050              -9389.73630949466
1060              -9389.73682895091
1070              -9389.73734839899
1080              -9389.73786783888
1090              -9389.7383872706
1100              -9389.73890669413
1110              -9389.73942610949
1120              -9389.73994551665
1130              -9389.74046491565
1140              -9389.74098430646
1150              -9389.74150368909
1160              -9389.74202306354
1170              -9389.74254242981
1180              -9389.7430617879
1190              -9389.74358113781
1200              -9389.74410047953
1210              -9389.74461981308
1220              -9389.74513913844
1230              -9389.74565845563
1240              -9389.74617776463
1250              -9389.74669706546
1260              -9389.7472163581
1270              -9389.74773564256
1280              -9389.74825491884
1290              -9389.74877418694
1300              -9389.74929344685
1310              -9389.74981269859
1320              -9389.75033194214
1330              -9389.75085117752
1340              -9389.75137040471
1350              -9389.75188962373
1360              -9389.75240883456
1370              -9389.7529280372
1380              -9389.75344723168
1390              -9389.75396641797
1400              -9389.75448559608
1410              -9389.755004766 
1420              -9389.75552392775
1430              -9389.75604308131
1440              -9389.75656222668
1450              -9389.75708136389
1460              -9389.7576004929
1470              -9389.75811961374
1480              -9389.7586387264
1490              -9389.75915783087
1500              -9389.75967692717
1510              -9389.76019601528
1520              -9389.76071509521
1530              -9389.76123416696
1540              -9389.76175323053
1550              -9389.76227228591
1560              -9389.76279133312
1570              -9389.76331037214
1580              -9389.76382940298
1590              -9389.76434842564
1600              -9389.76486744012
1610              -9389.76538644641
1620              -9389.76590544452
1630              -9389.76642443445
1640              -9389.76694341621
1650              -9389.76746238978
1660              -9389.76798135516
1670              -9389.76850031234
1680              -9389.76901926139
1690              -9389.76953820222
1700              -9389.77005713489
1710              -9389.77057605935
1720              -9389.77109497565
1730              -9389.77161388376
1740              -9389.77213278369
1750              -9389.77265167545
1760              -9389.77317055901
1770              -9389.77368943438
1780              -9389.7742083016
1790              -9389.77472716059
1800              -9389.77524601143
1810              -9389.77576485406
1820              -9389.77628368857
1830              -9389.77680251488
1840              -9389.77732133298
1850              -9389.7778401429
1860              -9389.77835894467
1870              -9389.77887773822
1880              -9389.7793965236
1890              -9389.77991530079
1900              -9389.78043406979
1910              -9389.78095283054
1920              -9389.78147158324
1930              -9389.78199032771
1940              -9389.78250906399
1950              -9389.78302779212
1960              -9389.78354651197
1970              -9389.78406522361
1980              -9389.78458392723
1990              -9389.78510262257
2000              -9389.78562130974
2010              -9389.78613998878
2020              -9389.78665865964
2030              -9389.78717732225
2040              -9389.78769597663
2050              -9389.78821462304
2060              -9389.78873326096
2070              -9389.78925189106
2080              -9389.78977051251
2090              -9389.79028912621
2100              -9389.79080773169
2110              -9389.79132632876
2120              -9389.79184491771
2130              -9389.79236349828
2140              -9389.79288207091
2150              -9389.79340063547
2160              -9389.79391919163
2170              -9389.79443773979
2180              -9389.79495627967
2190              -9389.79547481122
2200              -9389.79599333468
2210              -9389.79651185022
2220              -9389.79703035742
2230              -9389.79754885641
2240              -9389.79806734694
2250              -9389.7985858295
2260              -9389.79910430423
2270              -9389.79962277009
2280              -9389.80014122803
2290              -9389.80065967799
2300              -9389.80117811944
2310              -9389.80169655359
2320              -9389.80221497848
2330              -9389.80273339512
2340              -9389.80325180409
2350              -9389.80377020501
2360              -9389.80428859747
2370              -9389.80480698215
2380              -9389.80532535805
2390              -9389.80584372676
2400              -9389.80636208566
2410              -9389.80688043731
2420              -9389.80739878139
2430              -9389.80791711638
2440              -9389.80843544389
2450              -9389.80895376204
2460              -9389.80947207226
2470              -9389.80999037604
2480              -9389.81050867044
2490              -9389.81102695607
2500              -9389.81154523375
2510              -9389.81206350377
2520              -9389.81258176555
2530              -9389.81310001915
2540              -9389.81361826379
2550              -9389.81413650103
2560              -9389.81465472937
2570              -9389.81517294956
2580              -9389.81569116315
2590              -9389.81620936637
2600              -9389.81672756346
2610              -9389.81724575073
2620              -9389.81776392951
2630              -9389.81828210274
2640              -9389.81880026629
2650              -9389.81931841801
2660              -9389.81983656671
2670              -9389.82035470658
2680              -9389.82087283714
2690              -9389.82139095866
2700              -9389.82190907417
2710              -9389.82242718009
2720              -9389.82294527624
2730              -9389.82346336738
2740              -9389.82398144843
2750              -9389.82449952248
2760              -9389.82501758637
2770              -9389.82553564429
2780              -9389.8260536914
2790              -9389.8265717319
2800              -9389.82708976805
2810              -9389.82760778914
2820              -9389.82812580269
2830              -9389.82864381311
2840              -9389.82916181232
2850              -9389.82967980485
2860              -9389.83019778527
2870              -9389.83071576119
2880              -9389.83123372982
2890              -9389.83175168763
2900              -9389.83226963562
2910              -9389.83278758184
2920              -9389.83330551462
2930              -9389.83382344105
2940              -9389.83434135778
2950              -9389.83485926954
2960              -9389.83537716727
2970              -9389.83589506122
2980              -9389.83641294658
2990              -9389.83693082236
3000              -9389.83744868966
3010              -9389.83796655092
3020              -9389.83848440447
3030              -9389.83900224882
3040              -9389.83952008465
3050              -9389.84003791061
3060              -9389.84055572938
3070              -9389.84107353893
3080              -9389.84159134819
3090              -9389.84210913577
3100              -9389.84262692364
3110              -9389.8431447059
3120              -9389.84366247434
3130              -9389.84418023471
3140              -9389.84469798737
3150              -9389.84521573991
3160              -9389.84573347751
3170              -9389.84625119972
3180              -9389.84676892088
3190              -9389.84728663502
3200              -9389.8478043388
3210              -9389.84832204128
3220              -9389.84883972586
3230              -9389.84935741171
3240              -9389.84987508061
3250              -9389.85039273855
3260              -9389.85091039866
3270              -9389.85142804214
3280              -9389.8519456804
3290              -9389.85246331515
3300              -9389.85298093975
3310              -9389.85349855451
3320              -9389.8540161599
3330              -9389.85453375204
3340              -9389.85505134808
3350              -9389.85556892974
3360              -9389.85608649727
3370              -9389.85660406724
3380              -9389.85712162256
3390              -9389.85763917329
3400              -9389.85815671735
3410              -9389.85867424239
3420              -9389.85919176044
3430              -9389.85970928423
3440              -9389.86022679942
3450              -9389.86074428591
3460              -9389.86126177471
3470              -9389.86177926737
3480              -9389.8622967483
3490              -9389.86281421136
3500              -9389.86333166346
3510              -9389.86384912457
3520              -9389.86436655414
3530              -9389.86488399279
3540              -9389.86540141174
3550              -9389.86591883235
3560              -9389.86643623506
3570              -9389.86695364954
3580              -9389.8674710431
3590              -9389.86798842783
3600              -9389.86850581399
